-0.00626373291015625 -0.004459381103515625 0.0 0.9999999737289309 -0.0002292207179284016 0.0 0.0 0.0002292207179284016 0.9999999737289309 0.0 0.0 0.0 0.0 1.0 0.0
-0.00626373291015625 -0.004459381103515625 0.0 0.9999999737289309 -0.0002292207179284016 0.0 0.0 0.0002292207179284016 0.9999999737289309 0.0 0.0 0.0 0.0 1.0 0.0
-0.005672454833984375 -0.00568389892578125 0.0 0.9999999999807306 -6.207963451683316e-06 0.0 0.0 6.207963451683316e-06 0.9999999999807306 0.0 0.0 0.0 0.0 1.0 0.0
-0.00620269775390625 -0.005840301513671875 0.0 0.9999997926112949 0.0006440321165238472 0.0 0.0 -0.0006440321165238472 0.9999997926112949 -0.0 0.0 -0.0 0.0 1.0 0.0
-0.005161285400390625 -0.004924774169921875 0.0 0.9999997785616498 0.0006654897830219771 0.0 0.0 -0.0006654897830219771 0.9999997785616498 -0.0 0.0 -0.0 0.0 1.0 0.0
-0.006435394287109375 -0.005901336669921875 0.0 0.9999999206425467 -0.0003983903867441166 0.0 0.0 0.0003983903867441166 0.9999999206425467 0.0 0.0 0.0 0.0 1.0 0.0
-0.0041046142578125 -0.0059661865234375 0.0 0.9999999849795838 -0.00017332291333220883 0.0 0.0 0.00017332291333220883 0.9999999849795838 0.0 0.0 0.0 0.0 1.0 0.0
0.04897308349609375 0.006011962890625 0.0 0.9999172606910947 0.012863583171784251 0.0 0.0 -0.012863583171784251 0.9999172606910947 -0.0 0.0 -0.0 0.0 1.0 0.0
0.1221923828125 -0.001911163330078125 0.0 0.9998883206058424 0.014944775542913716 0.0 0.0 -0.014944775542913716 0.9998883206058424 -0.0 0.0 -0.0 0.0 1.0 0.0
0.19183349609375 -0.00475311279296875 0.0 0.9997802640040592 0.020962435640300914 0.0 0.0 -0.020962435640300914 0.9997802640040592 -0.0 0.0 -0.0 0.0 1.0 0.0
0.28525543212890625 -0.0074005126953125 0.0 0.999088305404089 0.04269142776701076 0.0 0.0 -0.04269142776701076 0.999088305404089 -0.0 0.0 -0.0 0.0 1.0 0.0
0.3558235168457031 -0.01082611083984375 0.0 0.9990897298367472 0.042658079360604624 0.0 0.0 -0.042658079360604624 0.9990897298367472 -0.0 0.0 -0.0 0.0 1.0 0.0
0.4246330261230469 -0.009212493896484375 0.0 0.9987473027053386 0.050038238766074744 0.0 0.0 -0.050038238766074744 0.9987473027053386 -0.0 0.0 -0.0 0.0 1.0 0.0
0.5214118957519531 -0.01519775390625 0.0 0.9983667186458927 0.05713050936437548 0.0 0.0 -0.05713050936437548 0.9983667186458927 -0.0 0.0 -0.0 0.0 1.0 0.0
0.591400146484375 -0.0188140869140625 0.0 0.998410767736968 0.05635546882848224 0.0 0.0 -0.05635546882848224 0.998410767736968 -0.0 0.0 -0.0 0.0 1.0 0.0
0.6598434448242188 -0.02205657958984375 0.0 0.99772441589486 0.0674239566271536 0.0 0.0 -0.0674239566271536 0.99772441589486 -0.0 0.0 -0.0 0.0 1.0 0.0
0.7548904418945312 -0.03026580810546875 0.0 0.9972561446889479 0.07402825055434063 0.0 0.0 -0.07402825055434063 0.9972561446889479 -0.0 0.0 -0.0 0.0 1.0 0.0
0.8272781372070312 -0.0352020263671875 0.0 0.9972059337740083 0.07470157726519591 0.0 0.0 -0.07470157726519591 0.9972059337740083 -0.0 0.0 -0.0 0.0 1.0 0.0
0.8954696655273438 -0.0380706787109375 0.0 0.9958784685114789 0.09069771747531108 0.0 0.0 -0.09069771747531108 0.9958784685114789 -0.0 0.0 -0.0 0.0 1.0 0.0
0.9887466430664062 -0.04705047607421875 0.0 0.9927611565517641 0.12010531229718195 0.0 0.0 -0.12010531229718195 0.9927611565517641 -0.0 0.0 -0.0 0.0 1.0 0.0
1.0454597473144531 -0.057544708251953125 0.0 0.9838363274090514 0.1790700445922487 0.0 0.0 -0.1790700445922487 0.9838363274090514 -0.0 0.0 -0.0 0.0 1.0 0.0
1.1393241882324219 -0.07714080810546875 0.0 0.967157039389593 0.25417958446570255 0.0 0.0 -0.25417958446570255 0.967157039389593 -0.0 0.0 -0.0 0.0 1.0 0.0
1.1927108764648438 -0.09393310546875 0.0 0.9506562733531146 0.3102461118763104 0.0 0.0 -0.3102461118763104 0.9506562733531146 -0.0 0.0 -0.0 0.0 1.0 0.0
1.2489395141601562 -0.11481094360351562 0.0 0.9194807250685166 0.3931350864874246 0.0 0.0 -0.3931350864874246 0.9194807250685166 -0.0 0.0 -0.0 0.0 1.0 0.0
1.302825927734375 -0.15373992919921875 0.0 0.8520051992158199 0.5235333232079991 0.0 0.0 -0.5235333232079991 0.8520051992158199 -0.0 0.0 -0.0 0.0 1.0 0.0
1.3384819030761719 -0.18680572509765625 0.0 0.7851255235704069 0.6193366711557572 0.0 0.0 -0.6193366711557572 0.7851255235704069 -0.0 0.0 -0.0 0.0 1.0 0.0
1.387451171875 -0.23311614990234375 0.0 0.7039311545338691 0.7102682096761858 0.0 0.0 -0.7102682096761858 0.7039311545338691 -0.0 0.0 -0.0 0.0 1.0 0.0
1.4360847473144531 -0.2907829284667969 0.0 0.5881179382176898 0.8087751793586236 0.0 0.0 -0.8087751793586236 0.5881179382176898 -0.0 0.0 -0.0 0.0 1.0 0.0
1.4681396484375 -0.343414306640625 0.0 0.48914507676686747 0.8722024385856391 0.0 0.0 -0.8722024385856391 0.48914507676686747 -0.0 0.0 -0.0 0.0 1.0 0.0
1.4946174621582031 -0.4052391052246094 0.0 0.3792155724853369 0.9253083537851684 0.0 0.0 -0.9253083537851684 0.3792155724853369 -0.0 0.0 -0.0 0.0 1.0 0.0
1.5153694152832031 -0.466461181640625 0.0 0.25928455722817256 0.9658009724487705 0.0 0.0 -0.9658009724487705 0.25928455722817256 -0.0 0.0 -0.0 0.0 1.0 0.0
1.526885986328125 -0.530120849609375 0.0 0.13353387670469774 0.9910442491494589 0.0 0.0 -0.9910442491494589 0.13353387670469774 -0.0 0.0 -0.0 0.0 1.0 0.0
1.5647201538085938 -0.6669540405273438 0.0 -0.05617523842855676 0.9984209245541157 0.0 0.0 -0.9984209245541157 -0.05617523842855676 -0.0 0.0 -0.0 0.0 1.0 0.0
1.5471878051757812 -0.7193031311035156 0.0 -0.17496238082483329 0.9845751191738017 0.0 0.0 -0.9845751191738017 -0.17496238082483329 -0.0 0.0 -0.0 0.0 1.0 0.0
1.5258598327636719 -0.7837448120117188 0.0 -0.2976456745376752 0.9546764124188949 0.0 0.0 -0.9546764124188949 -0.2976456745376752 -0.0 0.0 -0.0 0.0 1.0 0.0
1.4816970825195312 -0.8492660522460938 0.0 -0.4032667102723415 0.9150824882960685 0.0 0.0 -0.9150824882960685 -0.4032667102723415 -0.0 0.0 -0.0 0.0 1.0 0.0
1.447998046875 -0.9039230346679688 0.0 -0.4403918437815415 0.8978056715852795 0.0 0.0 -0.8978056715852795 -0.4403918437815415 -0.0 0.0 -0.0 0.0 1.0 0.0
1.41644287109375 -0.9527053833007812 0.0 -0.4657506398317135 0.8849160081591644 0.0 0.0 -0.8849160081591644 -0.4657506398317135 -0.0 0.0 -0.0 0.0 1.0 0.0
1.3807754516601562 -1.0382843017578125 0.0 -0.49731323789111226 0.8675710595785562 0.0 0.0 -0.8675710595785562 -0.49731323789111226 -0.0 0.0 -0.0 0.0 1.0 0.0
1.3582992553710938 -1.1192703247070312 0.0 -0.53093557966802 0.8474121843840717 0.0 0.0 -0.8474121843840717 -0.53093557966802 0.0 0.0 0.0 0.0 1.0 0.0
1.3163642883300781 -1.1753463745117188 0.0 -0.5634149796732877 0.8261740498706969 0.0 0.0 -0.8261740498706969 -0.5634149796732877 0.0 0.0 0.0 0.0 1.0 0.0
1.2507743835449219 -1.2469482421875 0.0 -0.6176164864945761 0.7864794184275238 0.0 0.0 -0.7864794184275238 -0.6176164864945761 0.0 0.0 0.0 0.0 1.0 0.0
1.2042922973632812 -1.296905517578125 0.0 -0.6625768927963778 0.7489938992624022 0.0 0.0 -0.7489938992624022 -0.6625768927963778 0.0 0.0 0.0 0.0 1.0 0.0
1.1578598022460938 -1.3586196899414062 0.0 -0.7060315490348896 0.708180380812258 0.0 0.0 -0.708180380812258 -0.7060315490348896 0.0 0.0 0.0 0.0 1.0 0.0
1.0968818664550781 -1.4280471801757812 0.0 -0.766433563119834 0.6423235892627918 0.0 0.0 -0.6423235892627918 -0.766433563119834 0.0 0.0 0.0 0.0 1.0 0.0
1.0397567749023438 -1.4693984985351562 0.0 -0.8110497767076439 0.5849771445983857 0.0 0.0 -0.5849771445983857 -0.8110497767076439 0.0 0.0 0.0 0.0 1.0 0.0
0.9750442504882812 -1.5191078186035156 0.0 -0.8786973159843419 0.47737933227352247 0.0 0.0 -0.47737933227352247 -0.8786973159843419 0.0 0.0 0.0 0.0 1.0 0.0
0.9122428894042969 -1.544647216796875 0.0 -0.9286487040420639 0.3709603543250895 0.0 0.0 -0.3709603543250895 -0.9286487040420639 0.0 0.0 0.0 0.0 1.0 0.0
0.8485183715820312 -1.5487136840820312 0.0 -0.9746297842566054 0.22382310792213342 0.0 0.0 -0.22382310792213342 -0.9746297842566054 0.0 0.0 0.0 0.0 1.0 0.0
0.7514533996582031 -1.5501174926757812 0.0 -0.9955235865877463 0.09451343051371226 0.0 0.0 -0.09451343051371226 -0.9955235865877463 0.0 0.0 0.0 0.0 1.0 0.0
0.6978645324707031 -1.5650711059570312 0.0 -0.999780626893316 -0.02094512088312828 0.0 0.0 0.02094512088312828 -0.999780626893316 0.0 0.0 0.0 0.0 1.0 0.0
0.6442680358886719 -1.542694091796875 0.0 -0.9883653906854357 -0.1520981738720928 0.0 0.0 0.1520981738720928 -0.9883653906854357 0.0 0.0 0.0 0.0 1.0 0.0
0.5546379089355469 -1.5019073486328125 0.0 -0.9652596506627553 -0.26129256935936024 0.0 0.0 0.26129256935936024 -0.9652596506627553 0.0 0.0 0.0 0.0 1.0 0.0
0.48807525634765625 -1.4737777709960938 0.0 -0.9336903508174113 -0.3580814555243824 0.0 0.0 0.3580814555243824 -0.9336903508174113 0.0 0.0 0.0 0.0 1.0 0.0
0.42992401123046875 -1.4447669982910156 0.0 -0.8914298496133612 -0.4531587174691668 0.0 0.0 0.4531587174691668 -0.8914298496133612 0.0 0.0 0.0 0.0 1.0 0.0
0.38098907470703125 -1.4112014770507812 0.0 -0.8412459457027153 -0.5406526230758013 0.0 0.0 0.5406526230758013 -0.8412459457027153 0.0 0.0 0.0 0.0 1.0 0.0
0.3119087219238281 -1.3572006225585938 0.0 -0.7607703798838663 -0.6490211314675031 0.0 0.0 0.6490211314675031 -0.7607703798838663 0.0 0.0 0.0 0.0 1.0 0.0
0.27513885498046875 -1.3177680969238281 0.0 -0.7140861450533842 -0.7000578386410641 0.0 0.0 0.7000578386410641 -0.7140861450533842 0.0 0.0 0.0 0.0 1.0 0.0
0.221588134765625 -1.2478561401367188 0.0 -0.6181764496010818 -0.7860393610746226 0.0 0.0 0.7860393610746226 -0.6181764496010818 0.0 0.0 0.0 0.0 1.0 0.0
0.18001174926757812 -1.1840553283691406 0.0 -0.5329661388845965 -0.8461365698292714 0.0 0.0 0.8461365698292714 -0.5329661388845965 0.0 0.0 0.0 0.0 1.0 0.0
0.15314865112304688 -1.1310234069824219 0.0 -0.44770624647921475 -0.8941806958682863 0.0 0.0 0.8941806958682863 -0.44770624647921475 0.0 0.0 0.0 0.0 1.0 0.0
0.11882400512695312 -1.0413589477539062 0.0 -0.33027360747996504 -0.9438852388940991 0.0 0.0 0.9438852388940991 -0.33027360747996504 0.0 0.0 0.0 0.0 1.0 0.0
0.09831619262695312 -0.9737281799316406 0.0 -0.26047533221763963 -0.9654805028099276 0.0 0.0 0.9654805028099276 -0.26047533221763963 0.0 0.0 0.0 0.0 1.0 0.0
0.0819091796875 -0.9058570861816406 0.0 -0.18440875350182862 -0.9828496383638251 0.0 0.0 0.9828496383638251 -0.18440875350182862 0.0 0.0 0.0 0.0 1.0 0.0
0.06983184814453125 -0.8306999206542969 0.0 -0.10596668209887694 -0.9943696808958706 0.0 0.0 0.9943696808958706 -0.10596668209887694 0.0 0.0 0.0 0.0 1.0 0.0
0.06684494018554688 -0.7397689819335938 0.0 -0.012103678828457864 -0.9999267477964663 0.0 0.0 0.9999267477964663 -0.012103678828457864 0.0 0.0 0.0 0.0 1.0 0.0
0.07100296020507812 -0.6738319396972656 0.0 0.05826980440606222 -0.998300871428288 0.0 0.0 0.998300871428288 0.05826980440606222 0.0 0.0 0.0 0.0 1.0 0.0
0.0743408203125 -0.5983924865722656 0.0 0.07770962165583839 -0.996976035169405 0.0 0.0 0.996976035169405 0.07770962165583839 0.0 0.0 0.0 0.0 1.0 0.0
0.07682037353515625 -0.5046005249023438 0.0 0.0003302627015775439 -0.9999999454632726 0.0 0.0 0.9999999454632726 0.0003302627015775439 0.0 0.0 0.0 0.0 1.0 0.0
0.06291580200195312 -0.43701171875 0.0 -0.10605741596513218 -0.9943600075017089 0.0 0.0 0.9943600075017089 -0.10605741596513218 0.0 0.0 0.0 0.0 1.0 0.0
0.051837921142578125 -0.3739471435546875 0.0 -0.2132005507094492 -0.9770084570653356 0.0 0.0 0.9770084570653356 -0.2132005507094492 0.0 0.0 0.0 0.0 1.0 0.0
0.01952362060546875 -0.28897857666015625 0.0 -0.32814401668884474 -0.9446277067243535 0.0 0.0 0.9446277067243535 -0.32814401668884474 0.0 0.0 0.0 0.0 1.0 0.0
-0.00710296630859375 -0.22040176391601562 0.0 -0.3785294430655115 -0.9255892505493536 0.0 0.0 0.9255892505493536 -0.3785294430655115 0.0 0.0 0.0 0.0 1.0 0.0
-0.0348663330078125 -0.15313339233398438 0.0 -0.3758630835756196 -0.9266752086923586 0.0 0.0 0.9266752086923586 -0.3758630835756196 0.0 0.0 0.0 0.0 1.0 0.0
-0.0479888916015625 -0.11509323120117188 0.0 -0.34999111278797645 -0.9367530202617093 0.0 0.0 0.9367530202617093 -0.34999111278797645 0.0 0.0 0.0 0.0 1.0 0.0
-0.07226181030273438 -0.00925445556640625 0.0 -0.18325942744114698 -0.9830645870205796 0.0 0.0 0.9830645870205796 -0.18325942744114698 0.0 0.0 0.0 0.0 1.0 0.0
-0.07593917846679688 0.055683135986328125 0.0 -0.054598825006495266 -0.9985083716764275 0.0 0.0 0.9985083716764275 -0.054598825006495266 0.0 0.0 0.0 0.0 1.0 0.0
-0.07243728637695312 0.12120819091796875 0.0 0.07870923494810111 -0.9968976157729964 0.0 0.0 0.9968976157729964 0.07870923494810111 0.0 0.0 0.0 0.0 1.0 0.0
-0.05869293212890625 0.19264602661132812 0.0 0.1946024784280933 -0.9808821924113229 0.0 0.0 0.9808821924113229 0.1946024784280933 0.0 0.0 0.0 0.0 1.0 0.0
-0.03534698486328125 0.25958251953125 0.0 0.27108790059613797 -0.9625545959322922 0.0 0.0 0.9625545959322922 0.27108790059613797 0.0 0.0 0.0 0.0 1.0 0.0
-0.00896453857421875 0.35251617431640625 0.0 0.3006647496827308 -0.9537298927359994 0.0 0.0 0.9537298927359994 0.3006647496827308 0.0 0.0 0.0 0.0 1.0 0.0
-0.004756927490234375 0.37813568115234375 0.0 0.2890439731719652 -0.9573158212277515 0.0 0.0 0.9573158212277515 0.2890439731719652 0.0 0.0 0.0 0.0 1.0 0.0
0.013469696044921875 0.46599578857421875 0.0 0.17725927549174603 -0.9841641881577187 0.0 0.0 0.9841641881577187 0.17725927549174603 0.0 0.0 0.0 0.0 1.0 0.0
0.00873565673828125 0.5792007446289062 0.0 0.01739292521232083 -0.9998487316352203 0.0 0.0 0.9998487316352203 0.01739292521232083 0.0 0.0 0.0 0.0 1.0 0.0
-0.00160980224609375 0.6534233093261719 0.0 -0.07579114088978312 -0.9971237149735358 0.0 0.0 0.9971237149735358 -0.07579114088978312 0.0 0.0 0.0 0.0 1.0 0.0
-0.016452789306640625 0.7229537963867188 0.0 -0.12044560367367274 -0.99271992855774 0.0 0.0 0.99271992855774 -0.12044560367367274 0.0 0.0 0.0 0.0 1.0 0.0
-0.02806854248046875 0.7945175170898438 0.0 -0.12776814463210973 -0.9918040639245579 0.0 0.0 0.9918040639245579 -0.12776814463210973 0.0 0.0 0.0 0.0 1.0 0.0
-0.042797088623046875 0.8931884765625 0.0 -0.12905802130333788 -0.9916370440525443 0.0 0.0 0.9916370440525443 -0.12905802130333788 0.0 0.0 0.0 0.0 1.0 0.0
-0.056484222412109375 0.9674072265625 0.0 -0.13428161088533552 -0.9909432117826125 0.0 0.0 0.9909432117826125 -0.13428161088533552 0.0 0.0 0.0 0.0 1.0 0.0
-0.06338882446289062 1.0392379760742188 0.0 -0.13508537087339478 -0.9908339631724369 0.0 0.0 0.9908339631724369 -0.13508537087339478 0.0 0.0 0.0 0.0 1.0 0.0
-0.07645416259765625 1.1336288452148438 0.0 -0.13235543830135477 -0.9912023193839171 0.0 0.0 0.9912023193839171 -0.13235543830135477 0.0 0.0 0.0 0.0 1.0 0.0
-0.08994293212890625 1.2052497863769531 0.0 -0.14350433856673916 -0.9896496879262496 0.0 0.0 0.9896496879262496 -0.14350433856673916 0.0 0.0 0.0 0.0 1.0 0.0
-0.10796356201171875 1.2771682739257812 0.0 -0.1858573787812301 -0.9825767322466834 0.0 0.0 0.9825767322466834 -0.1858573787812301 0.0 0.0 0.0 0.0 1.0 0.0
-0.12361526489257812 1.3352584838867188 0.0 -0.2705073015490085 -0.9627179232821386 0.0 0.0 0.9627179232821386 -0.2705073015490085 0.0 0.0 0.0 0.0 1.0 0.0
-0.16131973266601562 1.4090156555175781 0.0 -0.41810046688533165 -0.9084007923765081 0.0 0.0 0.9084007923765081 -0.41810046688533165 0.0 0.0 0.0 0.0 1.0 0.0
-0.19660186767578125 1.463348388671875 0.0 -0.5147570205966197 -0.8573361124707696 0.0 0.0 0.8573361124707696 -0.5147570205966197 0.0 0.0 0.0 0.0 1.0 0.0
-0.23059463500976562 1.504486083984375 0.0 -0.6044138335657139 -0.796670520224263 0.0 0.0 0.796670520224263 -0.6044138335657139 0.0 0.0 0.0 0.0 1.0 0.0
-0.2716827392578125 1.5457649230957031 0.0 -0.6901896172937005 -0.7236285595386457 0.0 0.0 0.7236285595386457 -0.6901896172937005 0.0 0.0 0.0 0.0 1.0 0.0
-0.3332328796386719 1.5892410278320312 0.0 -0.7843308562891638 -0.6203427341983682 0.0 0.0 0.6203427341983682 -0.7843308562891638 0.0 0.0 0.0 0.0 1.0 0.0
-0.3903541564941406 1.6201095581054688 0.0 -0.8475393751367097 -0.5307325198184822 0.0 0.0 0.5307325198184822 -0.8475393751367097 0.0 0.0 0.0 0.0 1.0 0.0
-0.4528350830078125 1.6496810913085938 0.0 -0.8834600474684564 -0.46850650425264406 0.0 0.0 0.46850650425264406 -0.8834600474684564 0.0 0.0 0.0 0.0 1.0 0.0
-0.5317764282226562 1.6895370483398438 0.0 -0.8849144611114605 -0.4657535791766001 0.0 0.0 0.4657535791766001 -0.8849144611114605 0.0 0.0 0.0 0.0 1.0 0.0
-0.5757522583007812 1.7135734558105469 0.0 -0.8799887388085674 -0.47499454688460124 0.0 0.0 0.47499454688460124 -0.8799887388085674 0.0 0.0 0.0 0.0 1.0 0.0
-0.6431922912597656 1.7514457702636719 0.0 -0.8759112041476913 -0.482472343713649 0.0 0.0 0.482472343713649 -0.8759112041476913 0.0 0.0 0.0 0.0 1.0 0.0
-0.7325019836425781 1.7934989929199219 0.0 -0.8988287479395294 -0.4382999907340391 0.0 0.0 0.4382999907340391 -0.8988287479395294 0.0 0.0 0.0 0.0 1.0 0.0
-0.7990303039550781 1.81719970703125 0.0 -0.9341395355080144 -0.35690801083874685 0.0 0.0 0.35690801083874685 -0.9341395355080144 0.0 0.0 0.0 0.0 1.0 0.0
-0.868377685546875 1.8335990905761719 0.0 -0.9711141026748624 -0.23861558957033266 0.0 0.0 0.23861558957033266 -0.9711141026748624 0.0 0.0 0.0 0.0 1.0 0.0
-0.9510307312011719 1.8339424133300781 0.0 -0.9984937220805765 -0.05486608210612931 0.0 0.0 0.05486608210612931 -0.9984937220805765 0.0 0.0 0.0 0.0 1.0 0.0
-1.0073623657226562 1.82391357421875 0.0 -0.9958749352617398 0.09073650487772823 0.0 0.0 -0.09073650487772823 -0.9958749352617398 0.0 0.0 0.0 0.0 1.0 0.0
-1.0629501342773438 1.8062057495117188 0.0 -0.970928801729787 0.23936846486444416 0.0 0.0 -0.23936846486444416 -0.970928801729787 0.0 0.0 0.0 0.0 1.0 0.0
-1.1374473571777344 1.7693595886230469 0.0 -0.9003261664029776 0.4352158017468101 0.0 0.0 -0.4352158017468101 -0.9003261664029776 0.0 0.0 0.0 0.0 1.0 0.0
-1.1816635131835938 1.7326889038085938 0.0 -0.8132805247370727 0.5818717969479125 0.0 0.0 -0.5818717969479125 -0.8132805247370727 0.0 0.0 0.0 0.0 1.0 0.0
-1.2284774780273438 1.6705322265625 0.0 -0.6751638265895934 0.7376678163407276 0.0 0.0 -0.7376678163407276 -0.6751638265895934 0.0 0.0 0.0 0.0 1.0 0.0
-1.2577285766601562 1.6414108276367188 0.0 -0.5939098352155512 0.8045316076042242 0.0 0.0 -0.8045316076042242 -0.5939098352155512 0.0 0.0 0.0 0.0 1.0 0.0
-1.2852897644042969 1.55615234375 0.0 -0.4450138223614535 0.8955237003604367 0.0 0.0 -0.8955237003604367 -0.4450138223614535 -0.0 0.0 -0.0 0.0 1.0 0.0
-1.3091659545898438 1.5010986328125 0.0 -0.36355917738532373 0.931571105465872 0.0 0.0 -0.931571105465872 -0.36355917738532373 -0.0 0.0 -0.0 0.0 1.0 0.0
-1.3372268676757812 1.4147758483886719 0.0 -0.3286048282117915 0.9444675044044124 0.0 0.0 -0.9444675044044124 -0.3286048282117915 -0.0 0.0 -0.0 0.0 1.0 0.0
-1.362274169921875 1.350982666015625 0.0 -0.35859665851818545 0.9334926012023832 0.0 0.0 -0.9334926012023832 -0.35859665851818545 -0.0 0.0 -0.0 0.0 1.0 0.0
-1.3791732788085938 1.2782402038574219 0.0 -0.3920757662117329 0.9199329288320334 0.0 0.0 -0.9199329288320334 -0.3920757662117329 -0.0 0.0 -0.0 0.0 1.0 0.0
-1.4329910278320312 1.192230224609375 0.0 -0.44005575671609787 0.8979704510622954 0.0 0.0 -0.8979704510622954 -0.44005575671609787 -0.0 0.0 -0.0 0.0 1.0 0.0
-1.4646148681640625 1.1263618469238281 0.0 -0.44235233558198717 0.8968413523055019 0.0 0.0 -0.8968413523055019 -0.44235233558198717 -0.0 0.0 -0.0 0.0 1.0 0.0
-1.4898300170898438 1.0584602355957031 0.0 -0.4198806136496689 0.9075793465483765 0.0 0.0 -0.9075793465483765 -0.4198806136496689 -0.0 0.0 -0.0 0.0 1.0 0.0
-1.5136642456054688 0.98828125 0.0 -0.3878521601330531 0.9217215967308806 0.0 0.0 -0.9217215967308806 -0.3878521601330531 -0.0 0.0 -0.0 0.0 1.0 0.0
-1.5487289428710938 0.8958663940429688 0.0 -0.34776791219996817 0.9375806521276319 0.0 0.0 -0.9375806521276319 -0.34776791219996817 -0.0 0.0 -0.0 0.0 1.0 0.0
-1.5694808959960938 0.8224067687988281 0.0 -0.3179988358481296 0.9480911034279534 0.0 0.0 -0.9480911034279534 -0.3179988358481296 -0.0 0.0 -0.0 0.0 1.0 0.0
-1.5850791931152344 0.7506828308105469 0.0 -0.2808895891279184 0.9597400891489057 0.0 0.0 -0.9597400891489057 -0.2808895891279184 -0.0 0.0 -0.0 0.0 1.0 0.0
-1.5886192321777344 0.6746902465820312 0.0 -0.1924188512178724 0.9813128887852206 0.0 0.0 -0.9813128887852206 -0.1924188512178724 -0.0 0.0 -0.0 0.0 1.0 0.0
-1.5818061828613281 0.6058235168457031 0.0 -0.055969046156754576 0.9984325044149471 0.0 0.0 -0.9984325044149471 -0.055969046156754576 -0.0 0.0 -0.0 0.0 1.0 0.0
-1.5759468078613281 0.5429916381835938 0.0 0.07455288536296689 0.9972170612680352 0.0 0.0 -0.9972170612680352 0.07455288536296689 -0.0 0.0 -0.0 0.0 1.0 0.0
-1.5527420043945312 0.45831298828125 0.0 0.2547122916907011 0.967016881166855 0.0 0.0 -0.967016881166855 0.2547122916907011 -0.0 0.0 -0.0 0.0 1.0 0.0
-1.5238723754882812 0.4109916687011719 0.0 0.39357319246310163 0.919293284090775 0.0 0.0 -0.919293284090775 0.39357319246310163 -0.0 0.0 -0.0 0.0 1.0 0.0
-1.4957351684570312 0.3663444519042969 0.0 0.5220851842920067 0.8528933464055055 0.0 0.0 -0.8528933464055055 0.5220851842920067 -0.0 0.0 -0.0 0.0 1.0 0.0
-1.4489212036132812 0.3137931823730469 0.0 0.66943471178199 0.7428708950156576 0.0 0.0 -0.7428708950156576 0.66943471178199 -0.0 0.0 -0.0 0.0 1.0 0.0
-1.4057388305664062 0.2891731262207031 0.0 0.7561376812851638 0.6544125663071394 0.0 0.0 -0.6544125663071394 0.7561376812851638 -0.0 0.0 -0.0 0.0 1.0 0.0
-1.366363525390625 0.265106201171875 0.0 0.807093021485242 0.5904243005414181 0.0 0.0 -0.5904243005414181 0.807093021485242 -0.0 0.0 -0.0 0.0 1.0 0.0
-1.295989990234375 0.22291183471679688 0.0 0.8458892397409353 0.5333585980281019 0.0 0.0 -0.5333585980281019 0.8458892397409353 -0.0 0.0 -0.0 0.0 1.0 0.0
-1.2110671997070312 0.17502593994140625 0.0 0.853937289528933 0.5203759271449626 0.0 0.0 -0.5203759271449626 0.853937289528933 -0.0 0.0 -0.0 0.0 1.0 0.0
-1.1466751098632812 0.13452911376953125 0.0 0.8608589717535216 0.5088436211170084 0.0 0.0 -0.5088436211170084 0.8608589717535216 -0.0 0.0 -0.0 0.0 1.0 0.0
-1.0803565979003906 0.09577560424804688 0.0 0.8613605687967052 0.5079940654399582 0.0 0.0 -0.5079940654399582 0.8613605687967052 -0.0 0.0 -0.0 0.0 1.0 0.0
-0.9999618530273438 0.05545806884765625 0.0 0.8605380309596585 0.5093861965857278 0.0 0.0 -0.5093861965857278 0.8605380309596585 -0.0 0.0 -0.0 0.0 1.0 0.0
-0.9319686889648438 0.015888214111328125 0.0 0.865196081145428 0.501433685715862 0.0 0.0 -0.501433685715862 0.865196081145428 -0.0 0.0 -0.0 0.0 1.0 0.0
-0.891510009765625 -0.004180908203125 0.0 0.8726462300937592 0.48835290221636846 0.0 0.0 -0.48835290221636846 0.8726462300937592 -0.0 0.0 -0.0 0.0 1.0 0.0
-0.8328933715820312 -0.032070159912109375 0.0 0.8934063806113376 0.44924941745421315 0.0 0.0 -0.44924941745421315 0.8934063806113376 -0.0 0.0 -0.0 0.0 1.0 0.0
-0.7497673034667969 -0.06644058227539062 0.0 0.9342101769201154 0.3567230653306379 0.0 0.0 -0.3567230653306379 0.9342101769201154 -0.0 0.0 -0.0 0.0 1.0 0.0
-0.6657295227050781 -0.08197784423828125 0.0 0.9637152160050023 0.2669325428651061 0.0 0.0 -0.2669325428651061 0.9637152160050023 -0.0 0.0 -0.0 0.0 1.0 0.0
-0.5970077514648438 -0.09691238403320312 0.0 0.9822544633031061 0.1875531106676908 0.0 0.0 -0.1875531106676908 0.9822544633031061 -0.0 0.0 -0.0 0.0 1.0 0.0
-0.5309524536132812 -0.10254287719726562 0.0 0.9942902552363053 0.10670936389147316 0.0 0.0 -0.10670936389147316 0.9942902552363053 -0.0 0.0 -0.0 0.0 1.0 0.0
-0.43878936767578125 -0.09888458251953125 0.0 0.9999820265892612 0.0059955398784569845 0.0 0.0 -0.0059955398784569845 0.9999820265892612 -0.0 0.0 -0.0 0.0 1.0 0.0
-0.3691864013671875 -0.09455108642578125 0.0 0.997492999150817 -0.07076522200281864 0.0 0.0 0.07076522200281864 0.997492999150817 0.0 0.0 0.0 0.0 1.0 0.0
-0.3029136657714844 -0.08423233032226562 0.0 0.9923643350061502 -0.12334109861599815 0.0 0.0 0.12334109861599815 0.9923643350061502 0.0 0.0 0.0 0.0 1.0 0.0
-0.21424102783203125 -0.07265853881835938 0.0 0.9921656767220387 -0.12492905960863934 0.0 0.0 0.12492905960863934 0.9921656767220387 0.0 0.0 0.0 0.0 1.0 0.0
-0.14591598510742188 -0.063873291015625 0.0 0.9954961574394663 -0.09480190147490326 0.0 0.0 0.09480190147490326 0.9954961574394663 0.0 0.0 0.0 0.0 1.0 0.0
-0.08057022094726562 -0.0576629638671875 0.0 0.9985375083075428 -0.054063337882190005 0.0 0.0 0.054063337882190005 0.9985375083075428 0.0 0.0 0.0 0.0 1.0 0.0
-0.00930023193359375 -0.061008453369140625 0.0 0.9998625887921201 -0.016577199218196496 0.0 0.0 0.016577199218196496 0.9998625887921201 0.0 0.0 0.0 0.0 1.0 0.0
0.08481979370117188 -0.0648040771484375 0.0 0.999118304733827 0.04198348658465159 0.0 0.0 -0.04198348658465159 0.999118304733827 -0.0 0.0 -0.0 0.0 1.0 0.0
0.15093231201171875 -0.0701446533203125 0.0 0.9954623430849927 0.0951563108770846 0.0 0.0 -0.0951563108770846 0.9954623430849927 -0.0 0.0 -0.0 0.0 1.0 0.0
0.15468597412109375 -0.06925201416015625 0.0 0.9949191940638482 0.10067669682375717 0.0 0.0 -0.10067669682375717 0.9949191940638482 -0.0 0.0 -0.0 0.0 1.0 0.0
0.15503692626953125 -0.069061279296875 0.0 0.9949712435845484 0.10016099260599055 0.0 0.0 -0.10016099260599055 0.9949712435845484 -0.0 0.0 -0.0 0.0 1.0 0.0
0.15510177612304688 -0.069854736328125 0.0 0.9948596852236147 0.10126305701868983 0.0 0.0 -0.10126305701868983 0.9948596852236147 -0.0 0.0 -0.0 0.0 1.0 0.0
0.15594482421875 -0.07034683227539062 0.0 0.9947821381581482 0.1020220446839947 0.0 0.0 -0.1020220446839947 0.9947821381581482 -0.0 0.0 -0.0 0.0 1.0 0.0
0.15485763549804688 -0.06859207153320312 0.0 0.9946927829260914 0.10288958934094196 0.0 0.0 -0.10288958934094196 0.9946927829260914 -0.0 0.0 -0.0 0.0 1.0 0.0
0.1556396484375 -0.06933212280273438 0.0 0.9947848621886975 0.10199548009698259 0.0 0.0 -0.10199548009698259 0.9947848621886975 -0.0 0.0 -0.0 0.0 1.0 0.0
