0.21211624145507812 -0.004657745361328125 0.0 0.9996196145869896 0.02757945128095408 0.0 0.0 -0.02757945128095408 0.9996196145869896 -0.0 0.0 -0.0 0.0 1.0 0.0
0.28327178955078125 -0.006610870361328125 0.0 0.9991205855348411 0.04192917314372453 0.0 0.0 -0.04192917314372453 0.9991205855348411 -0.0 0.0 -0.0 0.0 1.0 0.0
0.35611724853515625 -0.01003265380859375 0.0 0.999126593301137 0.04178576980820593 0.0 0.0 -0.04178576980820593 0.999126593301137 -0.0 0.0 -0.0 0.0 1.0 0.0
0.4541740417480469 -0.01091766357421875 0.0 0.9986311562484984 0.05230500711965431 0.0 0.0 -0.05230500711965431 0.9986311562484984 -0.0 0.0 -0.0 0.0 1.0 0.0
0.5222587585449219 -0.0155792236328125 0.0 0.9984399771129263 0.05583558097431365 0.0 0.0 -0.05583558097431365 0.9984399771129263 -0.0 0.0 -0.0 0.0 1.0 0.0
0.5922927856445312 -0.019046783447265625 0.0 0.9985087976616375 0.05459103399195778 0.0 0.0 -0.05459103399195778 0.9985087976616375 -0.0 0.0 -0.0 0.0 1.0 0.0
0.6849288940429688 -0.025508880615234375 0.0 0.9975803942826669 0.06952234851354608 0.0 0.0 -0.06952234851354608 0.9975803942826669 -0.0 0.0 -0.0 0.0 1.0 0.0
0.7552566528320312 -0.03107452392578125 0.0 0.9973356555640471 0.07294922988375084 0.0 0.0 -0.07294922988375084 0.9973356555640471 -0.0 0.0 -0.0 0.0 1.0 0.0
0.8267402648925781 -0.03678131103515625 0.0 0.9972830469618018 0.07366494581946414 0.0 0.0 -0.07366494581946414 0.9972830469618018 -0.0 0.0 -0.0 0.0 1.0 0.0
0.9194259643554688 -0.040874481201171875 0.0 0.9955700063269437 0.0940232019353167 0.0 0.0 -0.0940232019353167 0.9955700063269437 -0.0 0.0 -0.0 0.0 1.0 0.0
0.9913406372070312 -0.053348541259765625 0.0 0.9927677409023554 0.12005087514730492 0.0 0.0 -0.12005087514730492 0.9927677409023554 -0.0 0.0 -0.0 0.0 1.0 0.0
1.0576248168945312 -0.06546401977539062 0.0 0.9839276506548704 0.17856757341910418 0.0 0.0 -0.17856757341910418 0.9839276506548704 -0.0 0.0 -0.0 0.0 1.0 0.0
1.1447944641113281 -0.08665847778320312 0.0 0.9667707535099456 0.2556448907328524 0.0 0.0 -0.2556448907328524 0.9667707535099456 -0.0 0.0 -0.0 0.0 1.0 0.0
1.2119064331054688 -0.10888671875 0.0 0.9497383419849883 0.3130448558331623 0.0 0.0 -0.3130448558331623 0.9497383419849883 -0.0 0.0 -0.0 0.0 1.0 0.0
1.2826004028320312 -0.14159393310546875 0.0 0.9025139614283406 0.43066059655710753 0.0 0.0 -0.43066059655710753 0.9025139614283406 -0.0 0.0 -0.0 0.0 1.0 0.0
1.3274650573730469 -0.16822433471679688 0.0 0.8493687608545625 0.5277998750325592 0.0 0.0 -0.5277998750325592 0.8493687608545625 -0.0 0.0 -0.0 0.0 1.0 0.0
1.3741340637207031 -0.20816802978515625 0.0 0.7812281261344646 0.6242456366979534 0.0 0.0 -0.6242456366979534 0.7812281261344646 -0.0 0.0 -0.0 0.0 1.0 0.0
1.4322929382324219 -0.2691993713378906 0.0 0.6705313488545339 0.7418811968255561 0.0 0.0 -0.7418811968255561 0.6705313488545339 -0.0 0.0 -0.0 0.0 1.0 0.0
1.4554519653320312 -0.3000221252441406 0.0 0.611763126694808 0.7910410083027253 0.0 0.0 -0.7910410083027253 0.611763126694808 -0.0 0.0 -0.0 0.0 1.0 0.0
1.4954833984375 -0.36946868896484375 0.0 0.4809822904228156 0.876730309901296 0.0 0.0 -0.876730309901296 0.4809822904228156 -0.0 0.0 -0.0 0.0 1.0 0.0
1.5275688171386719 -0.4520835876464844 0.0 0.33123402366174814 0.9435486323284289 0.0 0.0 -0.9435486323284289 0.33123402366174814 -0.0 0.0 -0.0 0.0 1.0 0.0
1.5391845703125 -0.49086761474609375 0.0 0.24967869864678038 0.9683287393452961 0.0 0.0 -0.9683287393452961 0.24967869864678038 -0.0 0.0 -0.0 0.0 1.0 0.0
1.5504989624023438 -0.5754928588867188 0.0 0.08231611929804983 0.9966062695486665 0.0 0.0 -0.9966062695486665 0.08231611929804983 -0.0 0.0 -0.0 0.0 1.0 0.0
1.5481796264648438 -0.6447639465332031 0.0 -0.0493788476494712 0.9987801206495905 0.0 0.0 -0.9987801206495905 -0.0493788476494712 -0.0 0.0 -0.0 0.0 1.0 0.0
1.5372238159179688 -0.7111587524414062 0.0 -0.17788742313361738 0.9840508445659103 0.0 0.0 -0.9840508445659103 -0.17788742313361738 -0.0 0.0 -0.0 0.0 1.0 0.0
1.5129508972167969 -0.7933845520019531 0.0 -0.3311423620709124 0.9435808052531046 0.0 0.0 -0.9435808052531046 -0.3311423620709124 -0.0 0.0 -0.0 0.0 1.0 0.0
1.4850234985351562 -0.8539047241210938 0.0 -0.404666944331185 0.914464140448198 0.0 0.0 -0.914464140448198 -0.404666944331185 -0.0 0.0 -0.0 0.0 1.0 0.0
1.4567031860351562 -0.9153060913085938 0.0 -0.4443163243071804 0.8958699704500407 0.0 0.0 -0.8958699704500407 -0.4443163243071804 -0.0 0.0 -0.0 0.0 1.0 0.0
1.4156494140625 -0.9917984008789062 0.0 -0.47730875378881477 0.8787356562451354 0.0 0.0 -0.8787356562451354 -0.47730875378881477 -0.0 0.0 -0.0 0.0 1.0 0.0
1.3808479309082031 -1.05255126953125 0.0 -0.5067725584996452 0.8620797955825921 0.0 0.0 -0.8620797955825921 -0.5067725584996452 0.0 0.0 0.0 0.0 1.0 0.0
1.343902587890625 -1.1088638305664062 0.0 -0.5375003072619622 0.8432635529259498 0.0 0.0 -0.8432635529259498 -0.5375003072619622 0.0 0.0 0.0 0.0 1.0 0.0
1.288818359375 -1.1896095275878906 0.0 -0.580268279408618 0.8144253949332395 0.0 0.0 -0.8144253949332395 -0.580268279408618 0.0 0.0 0.0 0.0 1.0 0.0
1.2454452514648438 -1.2476806640625 0.0 -0.6232975762336908 0.7819847386370187 0.0 0.0 -0.7819847386370187 -0.6232975762336908 0.0 0.0 0.0 0.0 1.0 0.0
1.1990776062011719 -1.3007736206054688 0.0 -0.6683407822077765 0.7438552270690163 0.0 0.0 -0.7438552270690163 -0.6683407822077765 0.0 0.0 0.0 0.0 1.0 0.0
1.1296157836914062 -1.3680648803710938 0.0 -0.7263042888604028 0.6873733192254302 0.0 0.0 -0.6873733192254302 -0.7263042888604028 0.0 0.0 0.0 0.0 1.0 0.0
1.07537841796875 -1.4148788452148438 0.0 -0.7719562458997193 0.6356756676296587 0.0 0.0 -0.6356756676296587 -0.7719562458997193 0.0 0.0 0.0 0.0 1.0 0.0
1.0167236328125 -1.4545822143554688 0.0 -0.815371842548539 0.5789376118192711 0.0 0.0 -0.5789376118192711 -0.815371842548539 0.0 0.0 0.0 0.0 1.0 0.0
0.9552497863769531 -1.4929351806640625 0.0 -0.8810190196448813 0.4730808461816771 0.0 0.0 -0.4730808461816771 -0.8810190196448813 0.0 0.0 0.0 0.0 1.0 0.0
0.8761978149414062 -1.5218162536621094 0.0 -0.9439625788258432 0.3300524954858914 0.0 0.0 -0.3300524954858914 -0.9439625788258432 0.0 0.0 0.0 0.0 1.0 0.0
0.8225936889648438 -1.5382919311523438 0.0 -0.9768904405784153 0.21374065384598637 0.0 0.0 -0.21374065384598637 -0.9768904405784153 0.0 0.0 0.0 0.0 1.0 0.0
0.7577438354492188 -1.5340614318847656 0.0 -0.9955749066126804 0.09397130052922203 0.0 0.0 -0.09397130052922203 -0.9955749066126804 0.0 0.0 0.0 0.0 1.0 0.0
0.6700325012207031 -1.5294036865234375 0.0 -0.9984788122043957 -0.05513675343089794 0.0 0.0 0.05513675343089794 -0.9984788122043957 0.0 0.0 0.0 0.0 1.0 0.0
0.604949951171875 -1.5202102661132812 0.0 -0.9863163669667601 -0.16486365352463447 0.0 0.0 0.16486365352463447 -0.9863163669667601 0.0 0.0 0.0 0.0 1.0 0.0
0.5396919250488281 -1.4998779296875 0.0 -0.9623913904892318 -0.27166672875455866 0.0 0.0 0.27166672875455866 -0.9623913904892318 0.0 0.0 0.0 0.0 1.0 0.0
0.4839363098144531 -1.4761390686035156 0.0 -0.9310052480779527 -0.3650057918051575 0.0 0.0 0.3650057918051575 -0.9310052480779527 0.0 0.0 0.0 0.0 1.0 0.0
0.4047431945800781 -1.4342689514160156 0.0 -0.8710419563655001 -0.4912086219224607 0.0 0.0 0.4912086219224607 -0.8710419563655001 0.0 0.0 0.0 0.0 1.0 0.0
0.3729133605957031 -1.4090576171875 0.0 -0.8372279690449336 -0.546854027916861 0.0 0.0 0.546854027916861 -0.8372279690449336 0.0 0.0 0.0 0.0 1.0 0.0
0.3038520812988281 -1.3519744873046875 0.0 -0.754997544861465 -0.6557276166619499 0.0 0.0 0.6557276166619499 -0.754997544861465 0.0 0.0 0.0 0.0 1.0 0.0
0.2603950500488281 -1.3015975952148438 0.0 -0.6852945809244508 -0.7282659798147801 0.0 0.0 0.7282659798147801 -0.6852945809244508 0.0 0.0 0.0 0.0 1.0 0.0
0.21773147583007812 -1.2464675903320312 0.0 -0.6109700503926618 -0.791653710610383 0.0 0.0 0.791653710610383 -0.6109700503926618 0.0 0.0 0.0 0.0 1.0 0.0
0.18180084228515625 -1.1867637634277344 0.0 -0.5261081837144939 -0.850417649763125 0.0 0.0 0.850417649763125 -0.5261081837144939 0.0 0.0 0.0 0.0 1.0 0.0
0.14337921142578125 -1.1079788208007812 0.0 -0.4097175001930047 -0.912212458825024 0.0 0.0 0.912212458825024 -0.4097175001930047 0.0 0.0 0.0 0.0 1.0 0.0
0.120819091796875 -1.0420684814453125 0.0 -0.32464891666535434 -0.9458345948991357 0.0 0.0 0.9458345948991357 -0.32464891666535434 0.0 0.0 0.0 0.0 1.0 0.0
0.10196685791015625 -0.973480224609375 0.0 -0.2543084628457608 -0.9671231595433055 0.0 0.0 0.9671231595433055 -0.2543084628457608 0.0 0.0 0.0 0.0 1.0 0.0
0.08607864379882812 -0.90460205078125 0.0 -0.17886525656241892 -0.9838735792747259 0.0 0.0 0.9838735792747259 -0.17886525656241892 0.0 0.0 0.0 0.0 1.0 0.0
0.07573699951171875 -0.8068389892578125 0.0 -0.07657529500183768 -0.9970638014667775 0.0 0.0 0.9970638014667775 -0.07657529500183768 0.0 0.0 0.0 0.0 1.0 0.0
0.07279586791992188 -0.7383766174316406 0.0 -0.0038717708277842267 -0.9999925046672387 0.0 0.0 0.9999925046672387 -0.0038717708277842267 0.0 0.0 0.0 0.0 1.0 0.0
0.07598876953125 -0.6713752746582031 0.0 0.06612010222466425 -0.9978116716504173 0.0 0.0 0.9978116716504173 0.06612010222466425 0.0 0.0 0.0 0.0 1.0 0.0
0.08384323120117188 -0.5729560852050781 0.0 0.07582243004856815 -0.9971213361981229 0.0 0.0 0.9971213361981229 0.07582243004856815 0.0 0.0 0.0 0.0 1.0 0.0
0.082244873046875 -0.5011672973632812 0.0 0.007371349520442938 -0.9999728312340529 0.0 0.0 0.9999728312340529 0.007371349520442938 0.0 0.0 0.0 0.0 1.0 0.0
0.07086944580078125 -0.4355125427246094 0.0 -0.09892961504194364 -0.9950944333417071 0.0 0.0 0.9950944333417071 -0.09892961504194364 0.0 0.0 0.0 0.0 1.0 0.0
0.04864501953125 -0.346588134765625 0.0 -0.23980532258585163 -0.9708209965073351 0.0 0.0 0.9708209965073351 -0.23980532258585163 0.0 0.0 0.0 0.0 1.0 0.0
0.02508544921875 -0.2838897705078125 0.0 -0.3204992577481818 -0.9472487665776425 0.0 0.0 0.9472487665776425 -0.3204992577481818 0.0 0.0 0.0 0.0 1.0 0.0
0.00014495849609375 -0.21757888793945312 0.0 -0.3707213254866024 -0.928744151437551 0.0 0.0 0.928744151437551 -0.3707213254866024 0.0 0.0 0.0 0.0 1.0 0.0
-0.03334808349609375 -0.13055038452148438 0.0 -0.3571687025597716 -0.9340398909638546 0.0 0.0 0.9340398909638546 -0.3571687025597716 0.0 0.0 0.0 0.0 1.0 0.0
-0.051441192626953125 -0.07447433471679688 0.0 -0.30006824426137735 -0.9539177369070642 0.0 0.0 0.9539177369070642 -0.30006824426137735 0.0 0.0 0.0 0.0 1.0 0.0
-0.06579971313476562 -0.00482940673828125 0.0 -0.17693495145753735 -0.9842225474722265 0.0 0.0 0.9842225474722265 -0.17693495145753735 0.0 0.0 0.0 0.0 1.0 0.0
-0.06923294067382812 0.060253143310546875 0.0 -0.050536295917471774 -0.9987222250430506 0.0 0.0 0.9987222250430506 -0.050536295917471774 0.0 0.0 0.0 0.0 1.0 0.0
-0.061756134033203125 0.14813232421875 0.0 0.123582250835098 -0.9923343324094612 0.0 0.0 0.9923343324094612 0.123582250835098 0.0 0.0 0.0 0.0 1.0 0.0
-0.05055999755859375 0.19512939453125 0.0 0.19862455851511318 -0.9800756525670233 0.0 0.0 0.9800756525670233 0.19862455851511318 0.0 0.0 0.0 0.0 1.0 0.0
-0.020687103271484375 0.2882080078125 0.0 0.2938014077938266 -0.9558664827152199 0.0 0.0 0.9558664827152199 0.2938014077938266 0.0 0.0 0.0 0.0 1.0 0.0
-0.000823974609375 0.355499267578125 0.0 0.30468359509872234 -0.9524536245286267 0.0 0.0 0.9524536245286267 0.30468359509872234 0.0 0.0 0.0 0.0 1.0 0.0
0.015522003173828125 0.42655181884765625 0.0 0.24350528284545936 -0.9698995706908798 0.0 0.0 0.9698995706908798 0.24350528284545936 0.0 0.0 0.0 0.0 1.0 0.0
0.02437591552734375 0.5145988464355469 0.0 0.12016711052859563 -0.9927536781836713 0.0 0.0 0.9927536781836713 0.12016711052859563 0.0 0.0 0.0 0.0 1.0 0.0
0.015888214111328125 0.5812263488769531 0.0 0.021723059153301305 -0.999764026508767 0.0 0.0 0.999764026508767 0.021723059153301305 0.0 0.0 0.0 0.0 1.0 0.0
0.009075164794921875 0.6528854370117188 0.0 -0.07240060684571303 -0.9973756324115668 0.0 0.0 0.9973756324115668 -0.07240060684571303 0.0 0.0 0.0 0.0 1.0 0.0
-0.0037078857421875 0.7228813171386719 0.0 -0.11603042293017607 -0.9932456599223801 0.0 0.0 0.9932456599223801 -0.11603042293017607 0.0 0.0 0.0 0.0 1.0 0.0
-0.015354156494140625 0.7959709167480469 0.0 -0.12356138484750945 -0.9923369307722888 0.0 0.0 0.9923369307722888 -0.12356138484750945 0.0 0.0 0.0 0.0 1.0 0.0
-0.03124237060546875 0.8951835632324219 0.0 -0.1258212896579871 -0.9920529235221277 0.0 0.0 0.9920529235221277 -0.1258212896579871 0.0 0.0 0.0 0.0 1.0 0.0
-0.046367645263671875 0.9671440124511719 0.0 -0.13251194438873592 -0.9911814085193069 0.0 0.0 0.9911814085193069 -0.13251194438873592 0.0 0.0 0.0 0.0 1.0 0.0
-0.054050445556640625 1.0444717407226562 0.0 -0.1297240098278758 -0.9915501405749368 0.0 0.0 0.9915501405749368 -0.1297240098278758 0.0 0.0 0.0 0.0 1.0 0.0
-0.06974029541015625 1.1404190063476562 0.0 -0.12940270450065072 -0.9915921238432249 0.0 0.0 0.9915921238432249 -0.12940270450065072 0.0 0.0 0.0 0.0 1.0 0.0
-0.080718994140625 1.2137260437011719 0.0 -0.13858126755193179 -0.990351065170175 0.0 0.0 0.990351065170175 -0.13858126755193179 0.0 0.0 0.0 0.0 1.0 0.0
-0.09462738037109375 1.2824325561523438 0.0 -0.18021869342663055 -0.9836265666092991 0.0 0.0 0.9836265666092991 -0.18021869342663055 0.0 0.0 0.0 0.0 1.0 0.0
-0.11148834228515625 1.3432731628417969 0.0 -0.26377540094090457 -0.9645841268953506 0.0 0.0 0.9645841268953506 -0.26377540094090457 0.0 0.0 0.0 0.0 1.0 0.0
-0.145263671875 1.4159049987792969 0.0 -0.41038025582575455 -0.911914494691464 0.0 0.0 0.911914494691464 -0.41038025582575455 0.0 0.0 0.0 0.0 1.0 0.0
-0.17874908447265625 1.4664802551269531 0.0 -0.5086068127927226 -0.8609989024271918 0.0 0.0 0.8609989024271918 -0.5086068127927226 0.0 0.0 0.0 0.0 1.0 0.0
-0.21313095092773438 1.5069084167480469 0.0 -0.5986715344346802 -0.8009946278581558 0.0 0.0 0.8009946278581558 -0.5986715344346802 0.0 0.0 0.0 0.0 1.0 0.0
-0.26757049560546875 1.560211181640625 0.0 -0.7081056248916611 -0.7061065245391739 0.0 0.0 0.7061065245391739 -0.7081056248916611 0.0 0.0 0.0 0.0 1.0 0.0
-0.3161735534667969 1.5955276489257812 0.0 -0.7793405850200914 -0.6266005526174887 0.0 0.0 0.6266005526174887 -0.7793405850200914 0.0 0.0 0.0 0.0 1.0 0.0
-0.3732948303222656 1.6276130676269531 0.0 -0.8424566720838342 -0.5387641001973235 0.0 0.0 0.5387641001973235 -0.8424566720838342 0.0 0.0 0.0 0.0 1.0 0.0
-0.4348907470703125 1.6561965942382812 0.0 -0.8802130978288332 -0.474578657769784 0.0 0.0 0.474578657769784 -0.8802130978288332 0.0 0.0 0.0 0.0 1.0 0.0
-0.5134086608886719 1.6976737976074219 0.0 -0.8822514207700869 -0.47077853662753455 0.0 0.0 0.47077853662753455 -0.8822514207700869 0.0 0.0 0.0 0.0 1.0 0.0
-0.5797653198242188 1.7321281433105469 0.0 -0.8730121216401592 -0.48769850878319143 0.0 0.0 0.48769850878319143 -0.8730121216401592 0.0 0.0 0.0 0.0 1.0 0.0
-0.6437034606933594 1.7694168090820312 0.0 -0.8748196282020029 -0.4844487775941944 0.0 0.0 0.4844487775941944 -0.8748196282020029 0.0 0.0 0.0 0.0 1.0 0.0
-0.7123527526855469 1.8008651733398438 0.0 -0.8947166362782548 -0.44663423599957686 0.0 0.0 0.44663423599957686 -0.8947166362782548 0.0 0.0 0.0 0.0 1.0 0.0
-0.8002128601074219 1.8292427062988281 0.0 -0.945121863490616 -0.32671801779520204 0.0 0.0 0.32671801779520204 -0.945121863490616 0.0 0.0 0.0 0.0 1.0 0.0
-0.8419876098632812 1.8374443054199219 0.0 -0.9687082646085701 -0.248202131495789 0.0 0.0 0.248202131495789 -0.9687082646085701 0.0 0.0 0.0 0.0 1.0 0.0
-0.9279823303222656 1.836669921875 0.0 -0.9977171222684131 -0.06753179941654423 0.0 0.0 0.06753179941654423 -0.9977171222684131 0.0 0.0 0.0 0.0 1.0 0.0
-0.9841537475585938 1.8267135620117188 0.0 -0.9967115635723944 0.08103122263099166 0.0 0.0 -0.08103122263099166 -0.9967115635723944 0.0 0.0 0.0 0.0 1.0 0.0
-1.0566444396972656 1.8003921508789062 0.0 -0.9611849635785574 0.275904812916498 0.0 0.0 -0.275904812916498 -0.9611849635785574 0.0 0.0 0.0 0.0 1.0 0.0
-1.110748291015625 1.7733879089355469 0.0 -0.9041916485312449 0.4271269866519205 0.0 0.0 -0.4271269866519205 -0.9041916485312449 0.0 0.0 0.0 0.0 1.0 0.0
-1.1580924987792969 1.7377128601074219 0.0 -0.8185393004587624 0.574450531903731 0.0 0.0 -0.574450531903731 -0.8185393004587624 0.0 0.0 0.0 0.0 1.0 0.0
-1.2035026550292969 1.6761398315429688 0.0 -0.6800884316547857 0.7331300874533347 0.0 0.0 -0.7331300874533347 -0.6800884316547857 0.0 0.0 0.0 0.0 1.0 0.0
-1.2303237915039062 1.6217117309570312 0.0 -0.5590686683232144 0.8291213566778438 0.0 0.0 -0.8291213566778438 -0.5590686683232144 0.0 0.0 0.0 0.0 1.0 0.0
-1.2594985961914062 1.5670547485351562 0.0 -0.45197170967477374 0.8920322716436118 0.0 0.0 -0.8920322716436118 -0.45197170967477374 -0.0 0.0 -0.0 0.0 1.0 0.0
-1.2926445007324219 1.485870361328125 0.0 -0.3529683189103239 0.9356352739425874 0.0 0.0 -0.9356352739425874 -0.3529683189103239 -0.0 0.0 -0.0 0.0 1.0 0.0
-1.3124771118164062 1.4229240417480469 0.0 -0.3336369655768012 0.9427016363625899 0.0 0.0 -0.9427016363625899 -0.3336369655768012 -0.0 0.0 -0.0 0.0 1.0 0.0
-1.3385086059570312 1.3563003540039062 0.0 -0.3640783535672938 0.9313683226649535 0.0 0.0 -0.9313683226649535 -0.3640783535672938 -0.0 0.0 -0.0 0.0 1.0 0.0
-1.3605728149414062 1.2869949340820312 0.0 -0.39855454454648287 0.9171446314629693 0.0 0.0 -0.9171446314629693 -0.39855454454648287 -0.0 0.0 -0.0 0.0 1.0 0.0
-1.4146385192871094 1.203643798828125 0.0 -0.4432887165158641 0.8963788896497497 0.0 0.0 -0.8963788896497497 -0.4432887165158641 -0.0 0.0 -0.0 0.0 1.0 0.0
-1.4446029663085938 1.1343498229980469 0.0 -0.4480123940711116 0.8940273456436727 0.0 0.0 -0.8940273456436727 -0.4480123940711116 -0.0 0.0 -0.0 0.0 1.0 0.0
-1.4704475402832031 1.0666732788085938 0.0 -0.42421173838092163 0.9055630298437749 0.0 0.0 -0.9055630298437749 -0.42421173838092163 -0.0 0.0 -0.0 0.0 1.0 0.0
-1.4986114501953125 1.0010871887207031 0.0 -0.39191778104559316 0.9200002461414338 0.0 0.0 -0.9200002461414338 -0.39191778104559316 -0.0 0.0 -0.0 0.0 1.0 0.0
-1.5307693481445312 0.9067611694335938 0.0 -0.35340810830458436 0.9354692453440551 0.0 0.0 -0.9354692453440551 -0.35340810830458436 -0.0 0.0 -0.0 0.0 1.0 0.0
-1.5560264587402344 0.8368721008300781 0.0 -0.3237033202485031 0.9461586338770552 0.0 0.0 -0.9461586338770552 -0.3237033202485031 -0.0 0.0 -0.0 0.0 1.0 0.0
-1.5758094787597656 0.7693977355957031 0.0 -0.2891076073847474 0.9572966057352685 0.0 0.0 -0.9572966057352685 -0.2891076073847474 -0.0 0.0 -0.0 0.0 1.0 0.0
-1.5737876892089844 0.6603317260742188 0.0 -0.1570830078176455 0.9875854032208867 0.0 0.0 -0.9875854032208867 -0.1570830078176455 -0.0 0.0 -0.0 0.0 1.0 0.0
-1.5728721618652344 0.6011428833007812 0.0 -0.021346415347474057 0.9997721393156611 0.0 0.0 -0.9997721393156611 -0.021346415347474057 -0.0 0.0 -0.0 0.0 1.0 0.0
-1.563751220703125 0.5592041015625 0.0 0.06838745534928214 0.9976588374543927 0.0 0.0 -0.9976588374543927 0.06838745534928214 -0.0 0.0 -0.0 0.0 1.0 0.0
-1.5427017211914062 0.4774284362792969 0.0 0.247839609965676 0.9688010774829175 0.0 0.0 -0.9688010774829175 0.247839609965676 -0.0 0.0 -0.0 0.0 1.0 0.0
-1.5145416259765625 0.42542266845703125 0.0 0.3840227708149685 0.9233236222991342 0.0 0.0 -0.9233236222991342 0.3840227708149685 -0.0 0.0 -0.0 0.0 1.0 0.0
-1.4808425903320312 0.376220703125 0.0 0.5120768228213292 0.8589396530194733 0.0 0.0 -0.8589396530194733 0.5120768228213292 -0.0 0.0 -0.0 0.0 1.0 0.0
-1.4399070739746094 0.325958251953125 0.0 0.6614819777848044 0.749961061033107 0.0 0.0 -0.749961061033107 0.6614819777848044 -0.0 0.0 -0.0 0.0 1.0 0.0
-1.3932037353515625 0.30072784423828125 0.0 0.750900373662014 0.660415497118479 0.0 0.0 -0.660415497118479 0.750900373662014 -0.0 0.0 -0.0 0.0 1.0 0.0
-1.3490753173828125 0.27203369140625 0.0 0.8032613573537458 0.5956267218503698 0.0 0.0 -0.5956267218503698 0.8032613573537458 -0.0 0.0 -0.0 0.0 1.0 0.0
-1.2645034790039062 0.2186279296875 0.0 0.8452301509083628 0.5344024625648971 0.0 0.0 -0.5344024625648971 0.8452301509083628 -0.0 0.0 -0.0 0.0 1.0 0.0
-1.1994400024414062 0.18267059326171875 0.0 0.8503922417885782 0.5261492517392725 0.0 0.0 -0.5261492517392725 0.8503922417885782 -0.0 0.0 -0.0 0.0 1.0 0.0
-1.1374702453613281 0.14039230346679688 0.0 0.8570797977098304 0.5151836763307589 0.0 0.0 -0.5151836763307589 0.8570797977098304 -0.0 0.0 -0.0 0.0 1.0 0.0
-1.0723495483398438 0.10454559326171875 0.0 0.8583264569086936 0.5131039791022561 0.0 0.0 -0.5131039791022561 0.8583264569086936 -0.0 0.0 -0.0 0.0 1.0 0.0
-0.9902877807617188 0.061492919921875 0.0 0.857119862577097 0.5151170169736371 0.0 0.0 -0.5151170169736371 0.857119862577097 -0.0 0.0 -0.0 0.0 1.0 0.0
-0.9232864379882812 0.022846221923828125 0.0 0.8613232655279218 0.5080573119839111 0.0 0.0 -0.5080573119839111 0.8613232655279218 -0.0 0.0 -0.0 0.0 1.0 0.0
-0.8655166625976562 -0.007450103759765625 0.0 0.8740405320286477 0.48585301107544704 0.0 0.0 -0.48585301107544704 0.8740405320286477 -0.0 0.0 -0.0 0.0 1.0 0.0
-0.7800331115722656 -0.04514312744140625 0.0 0.9114697904754329 0.41136701502511186 0.0 0.0 -0.41136701502511186 0.9114697904754329 -0.0 0.0 -0.0 0.0 1.0 0.0
-0.7182388305664062 -0.06373214721679688 0.0 0.9405401446929884 0.339682552129032 0.0 0.0 -0.339682552129032 0.9405401446929884 -0.0 0.0 -0.0 0.0 1.0 0.0
-0.6563949584960938 -0.07667160034179688 0.0 0.9621097963888695 0.2726623180649797 0.0 0.0 -0.2726623180649797 0.9621097963888695 -0.0 0.0 -0.0 0.0 1.0 0.0
-0.5641708374023438 -0.0915069580078125 0.0 0.9856343566205403 0.16889320604812216 0.0 0.0 -0.16889320604812216 0.9856343566205403 -0.0 0.0 -0.0 0.0 1.0 0.0
-0.49976348876953125 -0.09307098388671875 0.0 0.9960271755990854 0.08904979207223787 0.0 0.0 -0.08904979207223787 0.9960271755990854 -0.0 0.0 -0.0 0.0 1.0 0.0
-0.4340362548828125 -0.0924530029296875 0.0 0.9998882422064141 0.014950019978823673 0.0 0.0 -0.014950019978823673 0.9998882422064141 -0.0 0.0 -0.0 0.0 1.0 0.0
-0.36429595947265625 -0.08777618408203125 0.0 0.9980251299541744 -0.06281592138903462 0.0 0.0 0.06281592138903462 0.9980251299541744 0.0 0.0 0.0 0.0 1.0 0.0
-0.27584075927734375 -0.07318496704101562 0.0 0.992704179862089 -0.12057533447740108 0.0 0.0 0.12057533447740108 0.992704179862089 0.0 0.0 0.0 0.0 1.0 0.0
-0.20820236206054688 -0.06996536254882812 0.0 0.9931732047198211 -0.11664898382137912 0.0 0.0 0.11664898382137912 0.9931732047198211 0.0 0.0 0.0 0.0 1.0 0.0
-0.13940048217773438 -0.062206268310546875 0.0 0.9962482149729439 -0.08654186364542324 0.0 0.0 0.08654186364542324 0.9962482149729439 0.0 0.0 0.0 0.0 1.0 0.0
-0.05347442626953125 -0.05913543701171875 0.0 0.9992651594003357 -0.03832937787939742 0.0 0.0 0.03832937787939742 0.9992651594003357 0.0 0.0 0.0 0.0 1.0 0.0
-0.00325775146484375 -0.060955047607421875 0.0 0.9999612021178762 -0.008808760353866503 0.0 0.0 0.008808760353866503 0.9999612021178762 0.0 0.0 0.0 0.0 1.0 0.0
0.09223175048828125 -0.06481170654296875 0.0 0.9987369499822818 0.05024444984363018 0.0 0.0 -0.05024444984363018 0.9987369499822818 -0.0 0.0 -0.0 0.0 1.0 0.0
0.15674972534179688 -0.07187652587890625 0.0 0.994980218235357 0.1000718008248148 0.0 0.0 -0.1000718008248148 0.994980218235357 -0.0 0.0 -0.0 0.0 1.0 0.0
0.15962982177734375 -0.070098876953125 0.0 0.9944699663708179 0.10502135966756712 0.0 0.0 -0.10502135966756712 0.9944699663708179 -0.0 0.0 -0.0 0.0 1.0 0.0
0.16229248046875 -0.06829833984375 0.0 0.9941390126673092 0.10810931270185628 0.0 0.0 -0.10810931270185628 0.9941390126673092 -0.0 0.0 -0.0 0.0 1.0 0.0
0.16233444213867188 -0.07018280029296875 0.0 0.9942052734118203 0.10749825263755523 0.0 0.0 -0.10749825263755523 0.9942052734118203 -0.0 0.0 -0.0 0.0 1.0 0.0
0.16233062744140625 -0.070037841796875 0.0 0.994219207342174 0.107369305445734 0.0 0.0 -0.107369305445734 0.994219207342174 -0.0 0.0 -0.0 0.0 1.0 0.0
0.162200927734375 -0.06821441650390625 0.0 0.9940858994232777 0.10859661397950131 0.0 0.0 -0.10859661397950131 0.9940858994232777 -0.0 0.0 -0.0 0.0 1.0 0.0
0.16156768798828125 -0.06966781616210938 0.0 0.994239770399256 0.10717872436465464 0.0 0.0 -0.10717872436465464 0.994239770399256 -0.0 0.0 -0.0 0.0 1.0 0.0
