image: karto_map_dynamic.pgm
resolution: 0.050000
origin: [-3.366308, -2.426617, 0.000000]
negate: 0
occupied_thresh: 0.65
free_thresh: 0.196

