image: karto_map_static.pgm
resolution: 0.050000
origin: [-3.360761, -2.415362, 0.000000]
negate: 0
occupied_thresh: 0.65
free_thresh: 0.196

