0.2719814000123465 0.00010294055726538733 0.0 0.9991457129391254 0.04132607306975805 0.0 0.0 -0.04132607306975805 0.9991457129391254 -0.0 0.0 -0.0 0.0 1.0 0.0
0.3516217410673698 -0.0031431933568477877 0.0 0.9990840417396049 0.04279109184463043 0.0 0.0 -0.04279109184463043 0.9990840417396049 -0.0 0.0 -0.0 0.0 1.0 0.0
0.4304417398193276 -0.006361119139052726 0.0 0.9987346555549264 0.05029003672282057 0.0 0.0 -0.05029003672282057 0.9987346555549264 -0.0 0.0 -0.0 0.0 1.0 0.0
0.5059287522324151 -0.010063108179391139 0.0 0.9982992869752566 0.058296943527892255 0.0 0.0 -0.058296943527892255 0.9982992869752566 -0.0 0.0 -0.0 0.0 1.0 0.0
0.5820690673153434 -0.015030059994662802 0.0 0.9984191469238864 0.05620682392538256 0.0 0.0 -0.05620682392538256 0.9984191469238864 -0.0 0.0 -0.0 0.0 1.0 0.0
0.6580555964047347 -0.018433880660554215 0.0 0.9977541151123582 0.0669830260316371 0.0 0.0 -0.0669830260316371 0.9977541151123582 -0.0 0.0 -0.0 0.0 1.0 0.0
0.7366067103858954 -0.02421929174911557 0.0 0.9972230963404826 0.07447211642689225 0.0 0.0 -0.07447211642689225 0.9972230963404826 -0.0 0.0 -0.0 0.0 1.0 0.0
0.8160399476016419 -0.03084154626045284 0.0 0.9972786626825407 0.07372427658596009 0.0 0.0 -0.07372427658596009 0.9972786626825407 -0.0 0.0 -0.0 0.0 1.0 0.0
0.8923140053196792 -0.03529275256113055 0.0 0.9959898245753146 0.08946658226641943 0.0 0.0 -0.08946658226641943 0.9959898245753146 -0.0 0.0 -0.0 0.0 1.0 0.0
0.9685573089643911 -0.0448253726479006 0.0 0.9937877965988208 0.11129157798890667 0.0 0.0 -0.11129157798890667 0.9937877965988208 -0.0 0.0 -0.0 0.0 1.0 0.0
1.0441949177262047 -0.05657387261282614 0.0 0.9847151135128377 0.17417274534036342 0.0 0.0 -0.17417274534036342 0.9847151135128377 -0.0 0.0 -0.0 0.0 1.0 0.0
1.1144373587132543 -0.07240021987730222 0.0 0.9718379365980476 0.2356502174597958 0.0 0.0 -0.2356502174597958 0.9718379365980476 -0.0 0.0 -0.0 0.0 1.0 0.0
1.1863597814964306 -0.095163575254001 0.0 0.9546732559565028 0.29765579846764245 0.0 0.0 -0.29765579846764245 0.9546732559565028 -0.0 0.0 -0.0 0.0 1.0 0.0
1.2530250576971513 -0.12093113830008842 0.0 0.9229009491645164 0.38503745016716856 0.0 0.0 -0.38503745016716856 0.9229009491645164 -0.0 0.0 -0.0 0.0 1.0 0.0
1.3072497709666577 -0.15083980232583924 0.0 0.8704410090556645 0.49227273919460207 0.0 0.0 -0.49227273919460207 0.8704410090556645 -0.0 0.0 -0.0 0.0 1.0 0.0
1.3573729800339918 -0.1894415898633332 0.0 0.8004503312970718 0.5993990883596739 0.0 0.0 -0.5993990883596739 0.8004503312970718 -0.0 0.0 -0.0 0.0 1.0 0.0
1.4052599478946202 -0.2362844584557084 0.0 0.7146181593897989 0.6995147505738073 0.0 0.0 -0.6995147505738073 0.7146181593897989 -0.0 0.0 -0.0 0.0 1.0 0.0
1.4469011583932643 -0.2875832840107543 0.0 0.6148150783440021 0.788671299998205 0.0 0.0 -0.788671299998205 0.6148150783440021 -0.0 0.0 -0.0 0.0 1.0 0.0
1.4794962239734823 -0.3421245258859617 0.0 0.510417858456889 0.8599265141675091 0.0 0.0 -0.8599265141675091 0.510417858456889 -0.0 0.0 -0.0 0.0 1.0 0.0
1.506450991730827 -0.40757346610142564 0.0 0.393389125374467 0.9193720661609815 0.0 0.0 -0.9193720661609815 0.393389125374467 -0.0 0.0 -0.0 0.0 1.0 0.0
1.5256424847319787 -0.47454558382209927 0.0 0.26116047347665994 0.9652953988771764 0.0 0.0 -0.9652953988771764 0.26116047347665994 -0.0 0.0 -0.0 0.0 1.0 0.0
1.5366647513686607 -0.5445689556779635 0.0 0.12317861909181094 0.9923845161018157 0.0 0.0 -0.9923845161018157 0.12317861909181094 -0.0 0.0 -0.0 0.0 1.0 0.0
1.5374025613000724 -0.6179180042491953 0.0 -0.023847849933197773 0.999715599584984 0.0 0.0 -0.999715599584984 -0.023847849933197773 -0.0 0.0 -0.0 0.0 1.0 0.0
1.5280676291679343 -0.6917702109917233 0.0 -0.15910601708450667 0.9872615030109827 0.0 0.0 -0.9872615030109827 -0.15910601708450667 -0.0 0.0 -0.0 0.0 1.0 0.0
1.5106716375558247 -0.7586652467059208 0.0 -0.29044582509512296 0.9568914372512765 0.0 0.0 -0.9568914372512765 -0.29044582509512296 -0.0 0.0 -0.0 0.0 1.0 0.0
1.4822684360511236 -0.8265102972828139 0.0 -0.38734042812785385 0.9219367617888615 0.0 0.0 -0.9219367617888615 -0.38734042812785385 -0.0 0.0 -0.0 0.0 1.0 0.0
1.4509783071513682 -0.8934444812330453 0.0 -0.43663210994767687 0.8996401505950256 0.0 0.0 -0.8996401505950256 -0.43663210994767687 -0.0 0.0 -0.0 0.0 1.0 0.0
1.4201967412370327 -0.9575690431833969 0.0 -0.4673449746510867 0.8840750390483687 0.0 0.0 -0.8840750390483687 -0.4673449746510867 -0.0 0.0 -0.0 0.0 1.0 0.0
1.3833446146529067 -1.0221518207760054 0.0 -0.4973861522351235 0.8675292591980625 0.0 0.0 -0.8675292591980625 -0.4973861522351235 -0.0 0.0 -0.0 0.0 1.0 0.0
1.3451290802547695 -1.0882792465508508 0.0 -0.5300494595936973 0.8479667271682481 0.0 0.0 -0.8479667271682481 -0.5300494595936973 0.0 0.0 0.0 0.0 1.0 0.0
1.3031233163187765 -1.1545802343234595 0.0 -0.5607260714671438 0.8280013724487564 0.0 0.0 -0.8280013724487564 -0.5607260714671438 0.0 0.0 0.0 0.0 1.0 0.0
1.2550458934364077 -1.218267774697515 0.0 -0.607450125815266 0.794357819025543 0.0 0.0 -0.794357819025543 -0.607450125815266 0.0 0.0 0.0 0.0 1.0 0.0
1.206245637459414 -1.278263321146792 0.0 -0.6565695999116978 0.7542654443044526 0.0 0.0 -0.7542654443044526 -0.6565695999116978 0.0 0.0 0.0 0.0 1.0 0.0
1.1517224342059331 -1.334213270560982 0.0 -0.7027199140628004 0.7114665996233204 0.0 0.0 -0.7114665996233204 -0.7027199140628004 0.0 0.0 0.0 0.0 1.0 0.0
1.0841715952812894 -1.3845285889311065 0.0 -0.7517493573289815 0.6594489394604135 0.0 0.0 -0.6594489394604135 -0.7517493573289815 0.0 0.0 0.0 0.0 1.0 0.0
1.0219355955202942 -1.431896812526866 0.0 -0.8023491319325355 0.5968549827949055 0.0 0.0 -0.5968549827949055 -0.8023491319325355 0.0 0.0 0.0 0.0 1.0 0.0
0.9570316800726096 -1.466787422844134 0.0 -0.8681459380861265 0.4963090067534134 0.0 0.0 -0.4963090067534134 -0.8681459380861265 0.0 0.0 0.0 0.0 1.0 0.0
0.8922232471360878 -1.4925763554524987 0.0 -0.9267264470163985 0.3757367328334588 0.0 0.0 -0.3757367328334588 -0.9267264470163985 0.0 0.0 0.0 0.0 1.0 0.0
0.8307781758868735 -1.517018289671597 0.0 -0.9665656362165529 0.2564193262710334 0.0 0.0 -0.2564193262710334 -0.9665656362165529 0.0 0.0 0.0 0.0 1.0 0.0
0.760244891327444 -1.5227235146736724 0.0 -0.9925505233450516 0.12183373345450839 0.0 0.0 -0.12183373345450839 -0.9925505233450516 0.0 0.0 0.0 0.0 1.0 0.0
0.6913094208997401 -1.5200882957540012 0.0 -0.9999970442388049 -0.002431360453427143 0.0 0.0 0.002431360453427143 -0.9999970442388049 0.0 0.0 0.0 0.0 1.0 0.0
0.6179674962222944 -1.5102251479682443 0.0 -0.9923589727962547 -0.12338423363932063 0.0 0.0 0.12338423363932063 -0.9923589727962547 0.0 0.0 0.0 0.0 1.0 0.0
0.5482153445413839 -1.4925310190776637 0.0 -0.9713025723285615 -0.2378472471733078 0.0 0.0 0.2378472471733078 -0.9713025723285615 0.0 0.0 0.0 0.0 1.0 0.0
0.4817254407215253 -1.4655484135517425 0.0 -0.9388307107696836 -0.3443790012699541 0.0 0.0 0.3443790012699541 -0.9388307107696836 0.0 0.0 0.0 0.0 1.0 0.0
0.42115368774509304 -1.4346410475609932 0.0 -0.8951471759797887 -0.4457707183467851 0.0 0.0 0.4457707183467851 -0.8951471759797887 0.0 0.0 0.0 0.0 1.0 0.0
0.3558015067255144 -1.3902549047235067 0.0 -0.8344917306856683 -0.5510204637009751 0.0 0.0 0.5510204637009751 -0.8344917306856683 0.0 0.0 0.0 0.0 1.0 0.0
0.3076444981575737 -1.3493775758001318 0.0 -0.7757259562472951 -0.6310699175243737 0.0 0.0 0.6310699175243737 -0.7757259562472951 0.0 0.0 0.0 0.0 1.0 0.0
0.2582650698966481 -1.2989296870858709 0.0 -0.705226985760282 -0.708981592536412 0.0 0.0 0.708981592536412 -0.705226985760282 0.0 0.0 0.0 0.0 1.0 0.0
0.21321915234593303 -1.2411308512801345 0.0 -0.6211349124989207 -0.7837036560301083 0.0 0.0 0.7837036560301083 -0.6211349124989207 0.0 0.0 0.0 0.0 1.0 0.0
0.17502219752259907 -1.1784383159469418 0.0 -0.5367597431183067 -0.843735135079469 0.0 0.0 0.843735135079469 -0.5367597431183067 0.0 0.0 0.0 0.0 1.0 0.0
0.1439792340953776 -1.1156572084822882 0.0 -0.4453424009852298 -0.8953603441546377 0.0 0.0 0.8953603441546377 -0.4453424009852298 0.0 0.0 0.0 0.0 1.0 0.0
0.11806531324149926 -1.0480617629316118 0.0 -0.350901053747283 -0.9364125428885746 0.0 0.0 0.9364125428885746 -0.350901053747283 0.0 0.0 0.0 0.0 1.0 0.0
0.09698312797991417 -0.9746254834713306 0.0 -0.270290292471155 -0.9627788727407024 0.0 0.0 0.9627788727407024 -0.270290292471155 0.0 0.0 0.0 0.0 1.0 0.0
0.08052510497891315 -0.9025153873707046 0.0 -0.19120201050526808 -0.9815507073904758 0.0 0.0 0.9815507073904758 -0.19120201050526808 0.0 0.0 0.0 0.0 1.0 0.0
0.07041248580943116 -0.8245854646664053 0.0 -0.10421348756640691 -0.9945549502210755 0.0 0.0 0.9945549502210755 -0.10421348756640691 0.0 0.0 0.0 0.0 1.0 0.0
0.06840413635420252 -0.7485254045298279 0.0 -0.02826376845082401 -0.9996004998963127 0.0 0.0 0.9996004998963127 -0.02826376845082401 0.0 0.0 0.0 0.0 1.0 0.0
0.0710947313187481 -0.676230415168347 0.0 0.04866676287882654 -0.9988150710671603 0.0 0.0 0.9988150710671603 0.04866676287882654 0.0 0.0 0.0 0.0 1.0 0.0
0.07655536854624131 -0.5878066228095766 0.0 0.0810269785937835 -0.9967119085974456 0.0 0.0 0.9967119085974456 0.0810269785937835 0.0 0.0 0.0 0.0 1.0 0.0
0.07765627585550099 -0.5180552518650555 0.0 0.028619077617522692 -0.9995903903081111 0.0 0.0 0.9995903903081111 0.028619077617522692 0.0 0.0 0.0 0.0 1.0 0.0
0.06816726247934576 -0.44227948071702666 0.0 -0.0828250495421885 -0.9965641028896909 0.0 0.0 0.9965641028896909 -0.0828250495421885 0.0 0.0 0.0 0.0 1.0 0.0
0.05209526860067349 -0.35969022373726056 0.0 -0.19647541935493895 -0.9805087503889501 0.0 0.0 0.9805087503889501 -0.19647541935493895 0.0 0.0 0.0 0.0 1.0 0.0
0.027791193663655275 -0.2914764521667707 0.0 -0.3002048695975732 -0.9538747487327169 0.0 0.0 0.9538747487327169 -0.3002048695975732 0.0 0.0 0.0 0.0 1.0 0.0
-0.0009450121356430613 -0.21971079055158482 0.0 -0.36823540395339105 -0.9297325891218842 0.0 0.0 0.9297325891218842 -0.36823540395339105 0.0 0.0 0.0 0.0 1.0 0.0
-0.02899515435044963 -0.14732371917847248 0.0 -0.37421217561191855 -0.9273431121347668 0.0 0.0 0.9273431121347668 -0.37421217561191855 0.0 0.0 0.0 0.0 1.0 0.0
-0.06098694389085578 -0.08334433012630568 0.0 -0.3312020882412776 -0.9435598426939421 0.0 0.0 0.9435598426939421 -0.3312020882412776 0.0 0.0 0.0 0.0 1.0 0.0
-0.06475909757672942 -0.014408421825927626 0.0 -0.2163891019291715 -0.9763072039918002 0.0 0.0 0.9763072039918002 -0.2163891019291715 0.0 0.0 0.0 0.0 1.0 0.0
-0.07124870703188121 0.07021472280843863 0.0 -0.07206309487947182 -0.997400075374166 0.0 0.0 0.997400075374166 -0.07206309487947182 0.0 0.0 0.0 0.0 1.0 0.0
-0.06650062718616095 0.13947468355222714 0.0 0.06978183408296867 -0.9975622765682437 0.0 0.0 0.9975622765682437 0.06978183408296867 0.0 0.0 0.0 0.0 1.0 0.0
-0.04691905628644084 0.22091858301906836 0.0 0.20820542385388896 -0.9780851197507416 0.0 0.0 0.9780851197507416 0.20820542385388896 0.0 0.0 0.0 0.0 1.0 0.0
-0.024964771559749355 0.2783214813002676 0.0 0.2866510758624412 -0.958035051919764 0.0 0.0 0.958035051919764 0.2866510758624412 0.0 0.0 0.0 0.0 1.0 0.0
-0.0008676604908212492 0.35247701708452545 0.0 0.31616233409601624 -0.9487051061836649 0.0 0.0 0.9487051061836649 0.31616233409601624 0.0 0.0 0.0 0.0 1.0 0.0
0.019987548855969643 0.4270215367552419 0.0 0.2587027311093516 -0.9659569850239517 0.0 0.0 0.9659569850239517 0.2587027311093516 0.0 0.0 0.0 0.0 1.0 0.0
0.0175499747133092 0.5009972955975462 0.0 0.15454162644518932 -0.9879862780907817 0.0 0.0 0.9879862780907817 0.15454162644518932 0.0 0.0 0.0 0.0 1.0 0.0
0.017789252847492668 0.5733711779998669 0.0 0.05408008922573471 -0.9985366012066541 0.0 0.0 0.9985366012066541 0.05408008922573471 0.0 0.0 0.0 0.0 1.0 0.0
0.011314582866028497 0.6491594833734848 0.0 -0.051926643246003046 -0.9986509018276619 0.0 0.0 0.9986509018276619 -0.051926643246003046 0.0 0.0 0.0 0.0 1.0 0.0
-0.0026380831457833705 0.7259788503789624 0.0 -0.11413389945912233 -0.993465375840676 0.0 0.0 0.993465375840676 -0.11413389945912233 0.0 0.0 0.0 0.0 1.0 0.0
-0.014711972270338342 0.8049738410551094 0.0 -0.12448270585594545 -0.9922217775995358 0.0 0.0 0.9922217775995358 -0.12448270585594545 0.0 0.0 0.0 0.0 1.0 0.0
-0.026494959227553475 0.8855646947920474 0.0 -0.13017561239943465 -0.9914909530280306 0.0 0.0 0.9914909530280306 -0.13017561239943465 0.0 0.0 0.0 0.0 1.0 0.0
-0.04059639103676294 0.9648864046473932 0.0 -0.13299926572186616 -0.9911161361401823 0.0 0.0 0.9911161361401823 -0.13299926572186616 0.0 0.0 0.0 0.0 1.0 0.0
-0.05336736097404248 1.0484846405765995 0.0 -0.13160221643859304 -0.9913026059828806 0.0 0.0 0.9913026059828806 -0.13160221643859304 0.0 0.0 0.0 0.0 1.0 0.0
-0.0677161495247274 1.1266178810950784 0.0 -0.13473081919051122 -0.9908822363733513 0.0 0.0 0.9908822363733513 -0.13473081919051122 0.0 0.0 0.0 0.0 1.0 0.0
-0.08874497113090267 1.2040308279850542 0.0 -0.13017502125846492 -0.9914910306403979 0.0 0.0 0.9914910306403979 -0.13017502125846492 0.0 0.0 0.0 0.0 1.0 0.0
-0.10377054829585707 1.2822255736725903 0.0 -0.16993840609770094 -0.9854546859866125 0.0 0.0 0.9854546859866125 -0.16993840609770094 0.0 0.0 0.0 0.0 1.0 0.0
-0.11176196754153632 1.3471763221880722 0.0 -0.25288023303799045 -0.9674975905596104 0.0 0.0 0.9674975905596104 -0.25288023303799045 0.0 0.0 0.0 0.0 1.0 0.0
-0.1386199263323616 1.408028861207861 0.0 -0.3742493890041916 -0.9273280944897496 0.0 0.0 0.9273280944897496 -0.3742493890041916 0.0 0.0 0.0 0.0 1.0 0.0
-0.18136867437454277 1.4709138520483342 0.0 -0.486274613529746 -0.8738060426871033 0.0 0.0 0.8738060426871033 -0.486274613529746 0.0 0.0 0.0 0.0 1.0 0.0
-0.21924467345756032 1.5187811828248798 0.0 -0.5838545095514704 -0.8118583076352747 0.0 0.0 0.8118583076352747 -0.5838545095514704 0.0 0.0 0.0 0.0 1.0 0.0
-0.2631289772406794 1.5638675264214645 0.0 -0.6783115667924637 -0.7347743996326711 0.0 0.0 0.7347743996326711 -0.6783115667924637 0.0 0.0 0.0 0.0 1.0 0.0
-0.3093835378475728 1.6006929712841078 0.0 -0.7546078861747465 -0.6561759963019682 0.0 0.0 0.6561759963019682 -0.7546078861747465 0.0 0.0 0.0 0.0 1.0 0.0
-0.3684012293899989 1.6374511569424393 0.0 -0.8273145746716151 -0.5617389024590743 0.0 0.0 0.5617389024590743 -0.8273145746716151 0.0 0.0 0.0 0.0 1.0 0.0
-0.4343888018136528 1.6707558537409624 0.0 -0.8763477921961884 -0.48167888381458723 0.0 0.0 0.48167888381458723 -0.8763477921961884 0.0 0.0 0.0 0.0 1.0 0.0
-0.49952271031788115 1.7027037255757935 0.0 -0.8862309398604209 -0.4632436952988289 0.0 0.0 0.4632436952988289 -0.8862309398604209 0.0 0.0 0.0 0.0 1.0 0.0
-0.5671811050370291 1.7348422643275165 0.0 -0.8781420163152043 -0.47840004095094635 0.0 0.0 0.47840004095094635 -0.8781420163152043 0.0 0.0 0.0 0.0 1.0 0.0
-0.6355697039861745 1.774623139365572 0.0 -0.8752549183898188 -0.4836618941310469 0.0 0.0 0.4836618941310469 -0.8752549183898188 0.0 0.0 0.0 0.0 1.0 0.0
-0.7083907559396107 1.8103897566508032 0.0 -0.8896727319069251 -0.45659876270229743 0.0 0.0 0.45659876270229743 -0.8896727319069251 0.0 0.0 0.0 0.0 1.0 0.0
-0.7787983311861049 1.8364457407113017 0.0 -0.9281287031904155 -0.3722594663861182 0.0 0.0 0.3722594663861182 -0.9281287031904155 0.0 0.0 0.0 0.0 1.0 0.0
-0.8512802678765188 1.8518794935756366 0.0 -0.9690225910892811 -0.24697209955502344 0.0 0.0 0.24697209955502344 -0.9690225910892811 0.0 0.0 0.0 0.0 1.0 0.0
-0.9214954917539491 1.856579785668307 0.0 -0.9951146070990662 -0.0987264844814782 0.0 0.0 0.0987264844814782 -0.9951146070990662 0.0 0.0 0.0 0.0 1.0 0.0
-0.9892738385092401 1.8509017301240946 0.0 -0.9978150067241676 0.0660697537156764 0.0 0.0 -0.0660697537156764 -0.9978150067241676 0.0 0.0 0.0 0.0 1.0 0.0
-1.0394566094150048 1.8246045814364116 0.0 -0.974445238797863 0.22462519133920705 0.0 0.0 -0.22462519133920705 -0.974445238797863 0.0 0.0 0.0 0.0 1.0 0.0
-1.09848447979314 1.7966644607760311 0.0 -0.9222274450360728 0.3866478237650342 0.0 0.0 -0.3866478237650342 -0.9222274450360728 0.0 0.0 0.0 0.0 1.0 0.0
-1.1635946433999513 1.7665025199860882 0.0 -0.8311020804786904 0.5561198897935524 0.0 0.0 -0.5561198897935524 -0.8311020804786904 0.0 0.0 0.0 0.0 1.0 0.0
-1.1982049655634759 1.7085082586342049 0.0 -0.7174425611371775 0.6966176652001638 0.0 0.0 -0.6966176652001638 -0.7174425611371775 0.0 0.0 0.0 0.0 1.0 0.0
-1.24516423773303 1.663649958743221 0.0 -0.5880316006021589 0.808837954533084 0.0 0.0 -0.808837954533084 -0.5880316006021589 0.0 0.0 0.0 0.0 1.0 0.0
-1.2651185658405868 1.5877091714115206 0.0 -0.4615092913274428 0.8871353752491453 0.0 0.0 -0.8871353752491453 -0.4615092913274428 -0.0 0.0 -0.0 0.0 1.0 0.0
-1.288555494187593 1.5170673035589546 0.0 -0.37145606231103634 0.9284505338317057 0.0 0.0 -0.9284505338317057 -0.37145606231103634 -0.0 0.0 -0.0 0.0 1.0 0.0
-1.3111035016880548 1.4435044906203707 0.0 -0.33027738102399784 0.9438839184899428 0.0 0.0 -0.9438839184899428 -0.33027738102399784 -0.0 0.0 -0.0 0.0 1.0 0.0
-1.3332397396409446 1.3704318195637606 0.0 -0.3506798790173764 0.9364953937165726 0.0 0.0 -0.9364953937165726 -0.3506798790173764 -0.0 0.0 -0.0 0.0 1.0 0.0
-1.3627137807059517 1.308847577639236 0.0 -0.3891501947284568 0.9211743189770348 0.0 0.0 -0.9211743189770348 -0.3891501947284568 -0.0 0.0 -0.0 0.0 1.0 0.0
-1.3973965714027092 1.2351047988217245 0.0 -0.4267141470607432 0.9043865526964797 0.0 0.0 -0.9043865526964797 -0.4267141470607432 -0.0 0.0 -0.0 0.0 1.0 0.0
-1.4336917164322591 1.162303302755825 0.0 -0.4454439198755902 0.8953098425940977 0.0 0.0 -0.8953098425940977 -0.4454439198755902 -0.0 0.0 -0.0 0.0 1.0 0.0
-1.465945430753609 1.0919383500040707 0.0 -0.42525864291218207 0.9050718682118502 0.0 0.0 -0.9050718682118502 -0.42525864291218207 -0.0 0.0 -0.0 0.0 1.0 0.0
-1.494739018436714 1.0195584586137774 0.0 -0.3926361649988921 0.9196938849068 0.0 0.0 -0.9196938849068 -0.3926361649988921 -0.0 0.0 -0.0 0.0 1.0 0.0
-1.521280586212981 0.942528831316129 0.0 -0.359780183950521 0.9330370942446654 0.0 0.0 -0.9330370942446654 -0.359780183950521 -0.0 0.0 -0.0 0.0 1.0 0.0
-1.55718298164766 0.8664244034185571 0.0 -0.33437118545911115 0.9424414625506823 0.0 0.0 -0.9424414625506823 -0.33437118545911115 -0.0 0.0 -0.0 0.0 1.0 0.0
-1.5791287835703405 0.790168883574155 0.0 -0.3005266197625027 0.9537734273998849 0.0 0.0 -0.9537734273998849 -0.3005266197625027 -0.0 0.0 -0.0 0.0 1.0 0.0
-1.5961669131615444 0.7107608401912157 0.0 -0.21396029704150155 0.9768423574404992 0.0 0.0 -0.9768423574404992 -0.21396029704150155 -0.0 0.0 -0.0 0.0 1.0 0.0
-1.587717768179505 0.6371299547935776 0.0 -0.0753146325688121 0.997159819748582 0.0 0.0 -0.997159819748582 -0.0753146325688121 -0.0 0.0 -0.0 0.0 1.0 0.0
-1.577784944092991 0.5676215483745126 0.0 0.07506623244031552 0.9971785500837937 0.0 0.0 -0.9971785500837937 0.07506623244031552 -0.0 0.0 -0.0 0.0 1.0 0.0
-1.5597253581822281 0.5004860764552558 0.0 0.22457032035221847 0.9744578858097983 0.0 0.0 -0.9744578858097983 0.22457032035221847 -0.0 0.0 -0.0 0.0 1.0 0.0
-1.5319761772540552 0.44156764301004847 0.0 0.364396238004305 0.9312439968817569 0.0 0.0 -0.9312439968817569 0.364396238004305 -0.0 0.0 -0.0 0.0 1.0 0.0
-1.494940133351205 0.387318146528231 0.0 0.5109410637958183 0.8596157451601253 0.0 0.0 -0.8596157451601253 0.5109410637958183 -0.0 0.0 -0.0 0.0 1.0 0.0
-1.4528501259313074 0.3431766458316437 0.0 0.6387549286238828 0.7694102554285966 0.0 0.0 -0.7694102554285966 0.6387549286238828 -0.0 0.0 -0.0 0.0 1.0 0.0
-1.4185848088226425 0.31818508404837176 0.0 0.7393456726905427 0.6733260549494345 0.0 0.0 -0.6733260549494345 0.7393456726905427 -0.0 0.0 -0.0 0.0 1.0 0.0
-1.3499536293815662 0.2809919092621457 0.0 0.8150385971472475 0.5794066664789479 0.0 0.0 -0.5794066664789479 0.8150385971472475 -0.0 0.0 -0.0 0.0 1.0 0.0
-1.290208378942697 0.246020499989004 0.0 0.8475293497041263 0.5307485293339029 0.0 0.0 -0.5307485293339029 0.8475293497041263 -0.0 0.0 -0.0 0.0 1.0 0.0
-1.2228364614548974 0.20611096933090345 0.0 0.8477852500357004 0.5303396740032797 0.0 0.0 -0.5303396740032797 0.8477852500357004 -0.0 0.0 -0.0 0.0 1.0 0.0
-1.1632288707883602 0.1559413175174087 0.0 0.8574010969151107 0.5146487724737766 0.0 0.0 -0.5146487724737766 0.8574010969151107 -0.0 0.0 -0.0 0.0 1.0 0.0
-1.092574356402893 0.11687861880120015 0.0 0.8592527034138695 0.5115513578087315 0.0 0.0 -0.5115513578087315 0.8592527034138695 -0.0 0.0 -0.0 0.0 1.0 0.0
-1.0157442282736027 0.08903947770587836 0.0 0.8562381829705407 0.5165812366156043 0.0 0.0 -0.5165812366156043 0.8562381829705407 -0.0 0.0 -0.0 0.0 1.0 0.0
-0.945201860187964 0.04819536830135783 0.0 0.8599037738282277 0.5104561683004449 0.0 0.0 -0.5104561683004449 0.8599037738282277 -0.0 0.0 -0.0 0.0 1.0 0.0
-0.8788257609807892 0.01437565450761822 0.0 0.8717120790689753 0.49001841925099565 0.0 0.0 -0.49001841925099565 0.8717120790689753 -0.0 0.0 -0.0 0.0 1.0 0.0
-0.8108180826307905 -0.026236344524356813 0.0 0.9009885462054187 0.4338428743296889 0.0 0.0 -0.4338428743296889 0.9009885462054187 -0.0 0.0 -0.0 0.0 1.0 0.0
-0.7418658411449672 -0.041033108610630746 0.0 0.9320712115449902 0.3622751117715019 0.0 0.0 -0.3622751117715019 0.9320712115449902 -0.0 0.0 -0.0 0.0 1.0 0.0
-0.6766917135498772 -0.05729238582433627 0.0 0.9567807648637403 0.29081019237082484 0.0 0.0 -0.29081019237082484 0.9567807648637403 -0.0 0.0 -0.0 0.0 1.0 0.0
-0.6050917639451837 -0.08038742899677562 0.0 0.9791785046105498 0.20300112341720541 0.0 0.0 -0.20300112341720541 0.9791785046105498 -0.0 0.0 -0.0 0.0 1.0 0.0
-0.5325370635665037 -0.07609238184118658 0.0 0.9930512398285449 0.11768277305956809 0.0 0.0 -0.11768277305956809 0.9930512398285449 -0.0 0.0 -0.0 0.0 1.0 0.0
-0.46160185994091973 -0.0788268835617849 0.0 0.999233484665242 0.03914643181386446 0.0 0.0 -0.03914643181386446 0.999233484665242 -0.0 0.0 -0.0 0.0 1.0 0.0
-0.38691462901122586 -0.07321921557521248 0.0 0.9989747949669087 -0.04526984670642135 0.0 0.0 0.04526984670642135 0.9989747949669087 0.0 0.0 0.0 0.0 1.0 0.0
-0.31187480540143175 -0.06669056922818738 0.0 0.9940800834929693 -0.10864983940444317 0.0 0.0 0.10864983940444317 0.9940800834929693 0.0 0.0 0.0 0.0 1.0 0.0
-0.24210738991464012 -0.054060657640102955 0.0 0.9926310245198318 -0.12117610804407428 0.0 0.0 0.12117610804407428 0.9926310245198318 0.0 0.0 0.0 0.0 1.0 0.0
-0.1644948119450559 -0.05012956498439498 0.0 0.9958853006630759 -0.09062266782221105 0.0 0.0 0.09062266782221105 0.9958853006630759 0.0 0.0 0.0 0.0 1.0 0.0
-0.08901452838793697 -0.04527962527740659 0.0 0.9987286539506774 -0.05040908427920584 0.0 0.0 0.05040908427920584 0.9987286539506774 0.0 0.0 0.0 0.0 1.0 0.0
-0.022903541815380096 -0.0448904439408987 0.0 0.9999740458612966 -0.007204693178023343 0.0 0.0 0.007204693178023343 0.9999740458612966 0.0 0.0 0.0 0.0 1.0 0.0
0.05497247488833423 -0.04711377583835008 0.0 0.9992058884265548 0.039844604825489856 0.0 0.0 -0.039844604825489856 0.9992058884265548 -0.0 0.0 -0.0 0.0 1.0 0.0
0.1400332427485504 -0.05315162865468156 0.0 0.9963389920842786 0.0854904255018298 0.0 0.0 -0.0854904255018298 0.9963389920842786 -0.0 0.0 -0.0 0.0 1.0 0.0
0.15289808451150338 -0.05547484259803018 0.0 0.9948896022226703 0.10096870499920638 0.0 0.0 -0.10096870499920638 0.9948896022226703 -0.0 0.0 -0.0 0.0 1.0 0.0
0.1541335061927423 -0.055735038887280694 0.0 0.9948243218823507 0.10160988431900239 0.0 0.0 -0.10160988431900239 0.9948243218823507 -0.0 0.0 -0.0 0.0 1.0 0.0
0.1552460048761173 -0.05561275207815861 0.0 0.9947046959040614 0.10277435451711092 0.0 0.0 -0.10277435451711092 0.9947046959040614 -0.0 0.0 -0.0 0.0 1.0 0.0
0.15418442063392934 -0.05564525510643927 0.0 0.9947676046612496 0.10216365653460062 0.0 0.0 -0.10216365653460062 0.9947676046612496 -0.0 0.0 -0.0 0.0 1.0 0.0
0.15466174578181227 -0.05502257814998848 0.0 0.9947481326735368 0.1023530778360462 0.0 0.0 -0.1023530778360462 0.9947481326735368 -0.0 0.0 -0.0 0.0 1.0 0.0
0.15437712607032184 -0.05581635422077379 0.0 0.9948132345812482 0.101718377405435 0.0 0.0 -0.101718377405435 0.9948132345812482 -0.0 0.0 -0.0 0.0 1.0 0.0
