-0.00020559752091853234 -0.00019636744779451612 0.0 0.9999999709868914 0.00024088631431426502 0.0 0.0 -0.00024088631431426502 0.9999999709868914 -0.0 0.0 -0.0 0.0 1.0 0.0
-0.0001277210805517706 -0.000296986270863365 0.0 0.9999998334926662 0.0005770742066563054 0.0 0.0 -0.0005770742066563054 0.9999998334926662 -0.0 0.0 -0.0 0.0 1.0 0.0
7.551270683754535e-05 -0.00022261325740953564 0.0 0.999999822693936 0.000595493154143301 0.0 0.0 -0.000595493154143301 0.999999822693936 -0.0 0.0 -0.0 0.0 1.0 0.0
0.001763184275795707 0.0005915291029404558 0.0 0.9999997038292576 0.0007696371853221817 0.0 0.0 -0.0007696371853221817 0.9999997038292576 -0.0 0.0 -0.0 0.0 1.0 0.0
0.06241126802225348 0.004082640897145431 0.0 0.9999230639774431 0.012404278534527198 0.0 0.0 -0.012404278534527198 0.9999230639774431 -0.0 0.0 -0.0 0.0 1.0 0.0
0.1461609491847698 0.0030135397304347786 0.0 0.999847732341478 0.017450275975017273 0.0 0.0 -0.017450275975017273 0.999847732341478 -0.0 0.0 -0.0 0.0 1.0 0.0
0.21704012797433456 0.0007237862978748553 0.0 0.9996334208110589 0.027074415923164397 0.0 0.0 -0.027074415923164397 0.9996334208110589 -0.0 0.0 -0.0 0.0 1.0 0.0
0.3030547398442519 -0.000994503173515471 0.0 0.999103369439089 0.042337420510221116 0.0 0.0 -0.042337420510221116 0.999103369439089 -0.0 0.0 -0.0 0.0 1.0 0.0
0.3749123261958984 -0.004848204300079154 0.0 0.9990749098665669 0.04300377280089742 0.0 0.0 -0.04300377280089742 0.9990749098665669 -0.0 0.0 -0.0 0.0 1.0 0.0
0.45896537488772887 -0.007986560512129329 0.0 0.9985662335146481 0.05353015303891018 0.0 0.0 -0.05353015303891018 0.9985662335146481 -0.0 0.0 -0.0 0.0 1.0 0.0
0.5292333667883025 -0.011993409510207952 0.0 0.9983590313594458 0.057264688098591934 0.0 0.0 -0.057264688098591934 0.9983590313594458 -0.0 0.0 -0.0 0.0 1.0 0.0
0.604694069998065 -0.01649005048147987 0.0 0.9983741206801728 0.057001010132204384 0.0 0.0 -0.057001010132204384 0.9983741206801728 -0.0 0.0 -0.0 0.0 1.0 0.0
0.6801118423743948 -0.020538556580638294 0.0 0.9975310392671454 0.07022695848895151 0.0 0.0 -0.07022695848895151 0.9975310392671454 -0.0 0.0 -0.0 0.0 1.0 0.0
0.7590155722859993 -0.026716830225766344 0.0 0.9972694500740554 0.07384879111394459 0.0 0.0 -0.07384879111394459 0.9972694500740554 -0.0 0.0 -0.0 0.0 1.0 0.0
0.8459509355710616 -0.03305634043133473 0.0 0.9967539173846186 0.0805085596593118 0.0 0.0 -0.0805085596593118 0.9967539173846186 -0.0 0.0 -0.0 0.0 1.0 0.0
0.9143304160729117 -0.038007795840639264 0.0 0.9954843143842151 0.09492618087223983 0.0 0.0 -0.09492618087223983 0.9954843143842151 -0.0 0.0 -0.0 0.0 1.0 0.0
0.99819046438514 -0.04938481459754367 0.0 0.9912416204932514 0.1320607807106752 0.0 0.0 -0.1320607807106752 0.9912416204932514 -0.0 0.0 -0.0 0.0 1.0 0.0
1.0652540302278914 -0.060651184062053345 0.0 0.9809112348173289 0.19445603464316305 0.0 0.0 -0.19445603464316305 0.9809112348173289 -0.0 0.0 -0.0 0.0 1.0 0.0
1.1443250271888403 -0.08090210004265153 0.0 0.9656261561793172 0.2599348504959593 0.0 0.0 -0.2599348504959593 0.9656261561793172 -0.0 0.0 -0.0 0.0 1.0 0.0
1.2085389751309594 -0.10211234123376707 0.0 0.9478463123386212 0.3187277336318209 0.0 0.0 -0.3187277336318209 0.9478463123386212 -0.0 0.0 -0.0 0.0 1.0 0.0
1.2711229634697594 -0.12874642665137762 0.0 0.9093966981490924 0.4159298563406196 0.0 0.0 -0.4159298563406196 0.9093966981490924 -0.0 0.0 -0.0 0.0 1.0 0.0
1.3138204646503715 -0.15977135927565025 0.0 0.8529091061314532 0.5220594378785288 0.0 0.0 -0.5220594378785288 0.8529091061314532 -0.0 0.0 -0.0 0.0 1.0 0.0
1.3499563108883381 -0.18884050738791205 0.0 0.8009519402497172 0.5987286442205797 0.0 0.0 -0.5987286442205797 0.8009519402497172 -0.0 0.0 -0.0 0.0 1.0 0.0
1.4149563458712817 -0.2548286129034342 0.0 0.6785118950760063 0.7345894147347665 0.0 0.0 -0.7345894147347665 0.6785118950760063 -0.0 0.0 -0.0 0.0 1.0 0.0
1.454822412941705 -0.3078777819538417 0.0 0.5788640555990939 0.8154240646040372 0.0 0.0 -0.8154240646040372 0.5788640555990939 -0.0 0.0 -0.0 0.0 1.0 0.0
1.4845483505730324 -0.3648531001000612 0.0 0.4708048728955141 0.8822373669584841 0.0 0.0 -0.8822373669584841 0.4708048728955141 -0.0 0.0 -0.0 0.0 1.0 0.0
1.5079716259960412 -0.4309008081435087 0.0 0.34680711955992294 0.937936470035444 0.0 0.0 -0.937936470035444 0.34680711955992294 -0.0 0.0 -0.0 0.0 1.0 0.0
1.5243146301638197 -0.4873555922528786 0.0 0.21339597258457388 0.9769657920749755 0.0 0.0 -0.9769657920749755 0.21339597258457388 -0.0 0.0 -0.0 0.0 1.0 0.0
1.5310034931840557 -0.5585188179485611 0.0 0.07448051856733473 0.9972224688372907 0.0 0.0 -0.9972224688372907 0.07448051856733473 -0.0 0.0 -0.0 0.0 1.0 0.0
1.5276158994324724 -0.6345912596475426 0.0 -0.06816034070898036 0.9976743797223803 0.0 0.0 -0.9976743797223803 -0.06816034070898036 -0.0 0.0 -0.0 0.0 1.0 0.0
1.5145753574860832 -0.7064692917776946 0.0 -0.2070085116422049 0.9783391416618676 0.0 0.0 -0.9783391416618676 -0.2070085116422049 -0.0 0.0 -0.0 0.0 1.0 0.0
1.5031605045268166 -0.789800135365414 0.0 -0.33228525951983534 0.9431789365257451 0.0 0.0 -0.9431789365257451 -0.33228525951983534 -0.0 0.0 -0.0 0.0 1.0 0.0
1.4734305229527338 -0.8377620018557499 0.0 -0.40321424038579634 0.9151056093971369 0.0 0.0 -0.9151056093971369 -0.40321424038579634 -0.0 0.0 -0.0 0.0 1.0 0.0
1.4422770169834278 -0.9247145215904362 0.0 -0.45958303038033677 0.8881348085659219 0.0 0.0 -0.8881348085659219 -0.45958303038033677 -0.0 0.0 -0.0 0.0 1.0 0.0
1.4086719344864471 -0.9883447548197282 0.0 -0.48637022693275034 0.8737528268070928 0.0 0.0 -0.8737528268070928 -0.48637022693275034 -0.0 0.0 -0.0 0.0 1.0 0.0
1.3707102646468328 -1.0331052350980503 0.0 -0.5045215707694322 0.8633990876925602 0.0 0.0 -0.8633990876925602 -0.5045215707694322 -0.0 0.0 -0.0 0.0 1.0 0.0
1.3322642314985738 -1.1179389343935477 0.0 -0.539767615282361 0.8418140658675126 0.0 0.0 -0.8418140658675126 -0.539767615282361 0.0 0.0 0.0 0.0 1.0 0.0
1.285997435626353 -1.1839782610425726 0.0 -0.5767625159673211 0.8169118680586333 0.0 0.0 -0.8169118680586333 -0.5767625159673211 0.0 0.0 0.0 0.0 1.0 0.0
1.2368222217735338 -1.247266989400639 0.0 -0.6251835167678881 0.7804777833876739 0.0 0.0 -0.7804777833876739 -0.6251835167678881 0.0 0.0 0.0 0.0 1.0 0.0
1.1957120286274086 -1.2948740008499862 0.0 -0.6696131930171261 0.742710018605788 0.0 0.0 -0.742710018605788 -0.6696131930171261 0.0 0.0 0.0 0.0 1.0 0.0
1.138394017277563 -1.3494752497902462 0.0 -0.7174205376576208 0.6966403463388054 0.0 0.0 -0.6966403463388054 -0.7174205376576208 0.0 0.0 0.0 0.0 1.0 0.0
1.0707991967124557 -1.4085007424441514 0.0 -0.7707088755832037 0.6371874363931493 0.0 0.0 -0.6371874363931493 -0.7707088755832037 0.0 0.0 0.0 0.0 1.0 0.0
1.0061312945795093 -1.452197130174518 0.0 -0.8228164165875078 0.5683072624857907 0.0 0.0 -0.5683072624857907 -0.8228164165875078 0.0 0.0 0.0 0.0 1.0 0.0
0.9394238968546552 -1.4643788038019347 0.0 -0.8905212489096501 0.45494165036892065 0.0 0.0 -0.45494165036892065 -0.8905212489096501 0.0 0.0 0.0 0.0 1.0 0.0
0.8764662702922765 -1.4765397607427733 0.0 -0.9390962695178964 0.34365418166751777 0.0 0.0 -0.34365418166751777 -0.9390962695178964 0.0 0.0 0.0 0.0 1.0 0.0
0.8229398454527054 -1.4990308936793224 0.0 -0.9762970400394313 0.21643495468672835 0.0 0.0 -0.21643495468672835 -0.9762970400394313 0.0 0.0 0.0 0.0 1.0 0.0
0.7617509563985706 -1.5015604388147659 0.0 -0.9960119769326559 0.08921962680208609 0.0 0.0 -0.08921962680208609 -0.9960119769326559 0.0 0.0 0.0 0.0 1.0 0.0
0.6913359918734234 -1.498043286061057 0.0 -0.999500726357921 -0.03159585431649171 0.0 0.0 0.03159585431649171 -0.999500726357921 0.0 0.0 0.0 0.0 1.0 0.0
0.6307362674285469 -1.4863130371961562 0.0 -0.9893629883313033 -0.1454677879124879 0.0 0.0 0.1454677879124879 -0.9893629883313033 0.0 0.0 0.0 0.0 1.0 0.0
0.5614232239674236 -1.4658267621468728 0.0 -0.9659723061650289 -0.25864551749878806 0.0 0.0 0.25864551749878806 -0.9659723061650289 0.0 0.0 0.0 0.0 1.0 0.0
0.49750387844385213 -1.4382781653040004 0.0 -0.9314225141435801 -0.36393969300758205 0.0 0.0 0.36393969300758205 -0.9314225141435801 0.0 0.0 0.0 0.0 1.0 0.0
0.4454322604337448 -1.406039418730184 0.0 -0.8864328903895229 -0.46285713868933387 0.0 0.0 0.46285713868933387 -0.8864328903895229 0.0 0.0 0.0 0.0 1.0 0.0
0.38821564036486556 -1.3654213342594717 0.0 -0.8312291426472949 -0.5559299527942737 0.0 0.0 0.5559299527942737 -0.8312291426472949 0.0 0.0 0.0 0.0 1.0 0.0
0.3350814713285381 -1.320480382939085 0.0 -0.7675277216347502 -0.6410157537238611 0.0 0.0 0.6410157537238611 -0.7675277216347502 0.0 0.0 0.0 0.0 1.0 0.0
0.2847488428836418 -1.2695133674505474 0.0 -0.694038863851612 -0.7199375358067975 0.0 0.0 0.7199375358067975 -0.694038863851612 0.0 0.0 0.0 0.0 1.0 0.0
0.23984358179318901 -1.2094168538346537 0.0 -0.6102145637947551 -0.7922361933999087 0.0 0.0 0.7922361933999087 -0.6102145637947551 0.0 0.0 0.0 0.0 1.0 0.0
0.21435125640978375 -1.1477922416133999 0.0 -0.524059594556058 -0.8516815962281563 0.0 0.0 0.8516815962281563 -0.524059594556058 0.0 0.0 0.0 0.0 1.0 0.0
0.18084374708107745 -1.0822434213214793 0.0 -0.42881031860241614 -0.9033945487217059 0.0 0.0 0.9033945487217059 -0.42881031860241614 0.0 0.0 0.0 0.0 1.0 0.0
0.1565272064564248 -1.014732190187686 0.0 -0.3415978713640313 -0.9398462077805939 0.0 0.0 0.9398462077805939 -0.3415978713640313 0.0 0.0 0.0 0.0 1.0 0.0
0.1358972725513754 -0.9420416325482697 0.0 -0.2621757588951601 -0.9650201404363263 0.0 0.0 0.9650201404363263 -0.2621757588951601 0.0 0.0 0.0 0.0 1.0 0.0
0.1194365808969563 -0.8685538712196864 0.0 -0.18060083457754295 -0.9835564745096719 0.0 0.0 0.9835564745096719 -0.18060083457754295 0.0 0.0 0.0 0.0 1.0 0.0
0.11193833361060923 -0.7903675276170933 0.0 -0.09913976855425055 -0.9950735180332206 0.0 0.0 0.9950735180332206 -0.09913976855425055 0.0 0.0 0.0 0.0 1.0 0.0
0.10933847254308554 -0.7157249401095253 0.0 -0.019984470512978136 -0.9998002905272214 0.0 0.0 0.9998002905272214 -0.019984470512978136 0.0 0.0 0.0 0.0 1.0 0.0
0.11101676096001015 -0.642871255702484 0.0 0.04822501235139143 -0.9988364972224977 0.0 0.0 0.9988364972224977 0.04822501235139143 0.0 0.0 0.0 0.0 1.0 0.0
0.11541105005394467 -0.5705945099745274 0.0 0.044446611691821736 -0.9990117610464436 0.0 0.0 0.9990117610464436 0.044446611691821736 0.0 0.0 0.0 0.0 1.0 0.0
0.110733640259327 -0.49414899993852074 0.0 -0.03143662657284407 -0.9995057471119011 0.0 0.0 0.9995057471119011 -0.03143662657284407 0.0 0.0 0.0 0.0 1.0 0.0
0.10617151666926991 -0.42922098729243485 0.0 -0.149967877095585 -0.9886908697057153 0.0 0.0 0.9886908697057153 -0.149967877095585 0.0 0.0 0.0 0.0 1.0 0.0
0.0960984837341859 -0.35908172496856716 0.0 -0.2596336513874824 -0.965707184951631 0.0 0.0 0.965707184951631 -0.2596336513874824 0.0 0.0 0.0 0.0 1.0 0.0
0.06724202239867771 -0.2898883781152692 0.0 -0.35013944048407386 -0.9366975884550468 0.0 0.0 0.9366975884550468 -0.35013944048407386 0.0 0.0 0.0 0.0 1.0 0.0
0.03889207691268344 -0.21968316732214346 0.0 -0.3970336188589918 -0.9178040670512052 0.0 0.0 0.9178040670512052 -0.3970336188589918 0.0 0.0 0.0 0.0 1.0 0.0
0.01215195937949462 -0.1490630596622581 0.0 -0.38296546227483574 -0.923762661458354 0.0 0.0 0.923762661458354 -0.38296546227483574 0.0 0.0 0.0 0.0 1.0 0.0
-0.010715785793027226 -0.08539306154328143 0.0 -0.3236581474485134 -0.9461740873592961 0.0 0.0 0.9461740873592961 -0.3236581474485134 0.0 0.0 0.0 0.0 1.0 0.0
-0.02514059107489798 -0.010203078881129899 0.0 -0.1886420294805049 -0.9820459178233351 0.0 0.0 0.9820459178233351 -0.1886420294805049 0.0 0.0 0.0 0.0 1.0 0.0
-0.026741985652433964 0.059792871319925944 0.0 -0.04843388860939646 -0.9988263905375011 0.0 0.0 0.9988263905375011 -0.04843388860939646 0.0 0.0 0.0 0.0 1.0 0.0
-0.02171884126047091 0.12223468447249064 0.0 0.09576961017344221 -0.9954035271020628 0.0 0.0 0.9954035271020628 0.09576961017344221 0.0 0.0 0.0 0.0 1.0 0.0
-0.002745317717666923 0.19776700715254786 0.0 0.21029740071203462 -0.9776374600299242 0.0 0.0 0.9776374600299242 0.21029740071203462 0.0 0.0 0.0 0.0 1.0 0.0
0.022283159906192077 0.2687974331231262 0.0 0.2754490309001657 -0.9613156772757634 0.0 0.0 0.9613156772757634 0.2754490309001657 0.0 0.0 0.0 0.0 1.0 0.0
0.043799519994942845 0.3444730743959394 0.0 0.2775494739496355 -0.9607113455717491 0.0 0.0 0.9607113455717491 0.2775494739496355 0.0 0.0 0.0 0.0 1.0 0.0
0.06146357023144706 0.4178023230808303 0.0 0.2087080702544707 -0.9779779861585101 0.0 0.0 0.9779779861585101 0.2087080702544707 0.0 0.0 0.0 0.0 1.0 0.0
0.06691017239583427 0.4917981003016558 0.0 0.10416512088106256 -0.9945600170888802 0.0 0.0 0.9945600170888802 0.10416512088106256 0.0 0.0 0.0 0.0 1.0 0.0
0.06103891707353293 0.567147300885948 0.0 -0.0022583813520540286 -0.9999974498535825 0.0 0.0 0.9999974498535825 -0.0022583813520540286 0.0 0.0 0.0 0.0 1.0 0.0
0.06169902058879478 0.6416011722775915 0.0 -0.0989691011953715 -0.9950905069432531 0.0 0.0 0.9950905069432531 -0.0989691011953715 0.0 0.0 0.0 0.0 1.0 0.0
0.04730257729846331 0.7173836373742917 0.0 -0.13962763834807546 -0.9902040812930126 0.0 0.0 0.9902040812930126 -0.13962763834807546 0.0 0.0 0.0 0.0 1.0 0.0
0.03206326742197847 0.7989753079279487 0.0 -0.1450054079913894 -0.9894308624928023 0.0 0.0 0.9894308624928023 -0.1450054079913894 0.0 0.0 0.0 0.0 1.0 0.0
0.02097606122367237 0.878410526123012 0.0 -0.14316579385420813 -0.9896987195455467 0.0 0.0 0.9896987195455467 -0.14316579385420813 0.0 0.0 0.0 0.0 1.0 0.0
0.004515921511071025 0.959810330935131 0.0 -0.15019716464310418 -0.9886560634179977 0.0 0.0 0.9886560634179977 -0.15019716464310418 0.0 0.0 0.0 0.0 1.0 0.0
-0.008698781326205399 1.041479492578438 0.0 -0.15155485848596828 -0.9884488478769641 0.0 0.0 0.9884488478769641 -0.15155485848596828 0.0 0.0 0.0 0.0 1.0 0.0
-0.02288496538518424 1.1177257462426282 0.0 -0.1451609430193046 -0.9894080556685128 0.0 0.0 0.9894080556685128 -0.1451609430193046 0.0 0.0 0.0 0.0 1.0 0.0
-0.03505087718710356 1.19684885819765 0.0 -0.15851863725834714 -0.9873559852665889 0.0 0.0 0.9873559852665889 -0.15851863725834714 0.0 0.0 0.0 0.0 1.0 0.0
-0.05136658025643433 1.2683188228454085 0.0 -0.21006859245178844 -0.9776866504485597 0.0 0.0 0.9776866504485597 -0.21006859245178844 0.0 0.0 0.0 0.0 1.0 0.0
-0.07325147125824419 1.330461362638785 0.0 -0.31138777948410756 -0.9502829319670839 0.0 0.0 0.9502829319670839 -0.31138777948410756 0.0 0.0 0.0 0.0 1.0 0.0
-0.10343126886177549 1.3887040158136874 0.0 -0.43207647169841157 -0.9018369711897224 0.0 0.0 0.9018369711897224 -0.43207647169841157 0.0 0.0 0.0 0.0 1.0 0.0
-0.140181257357048 1.439557252153056 0.0 -0.5367711641403514 -0.8437278692489734 0.0 0.0 0.8437278692489734 -0.5367711641403514 0.0 0.0 0.0 0.0 1.0 0.0
-0.1805311966232542 1.485773046812028 0.0 -0.6301185292722806 -0.7764989626958544 0.0 0.0 0.7764989626958544 -0.6301185292722806 0.0 0.0 0.0 0.0 1.0 0.0
-0.2255041051870107 1.5268989780746165 0.0 -0.7175134755482064 -0.6965446234138438 0.0 0.0 0.6965446234138438 -0.7175134755482064 0.0 0.0 0.0 0.0 1.0 0.0
-0.2871293972787256 1.573135250265695 0.0 -0.7928470621167794 -0.6094206561093845 0.0 0.0 0.6094206561093845 -0.7928470621167794 0.0 0.0 0.0 0.0 1.0 0.0
-0.3482518328902492 1.6070859353136444 0.0 -0.8569272454157046 -0.5154373832622675 0.0 0.0 0.5154373832622675 -0.8569272454157046 0.0 0.0 0.0 0.0 1.0 0.0
-0.41702088615664 1.6377879380602842 0.0 -0.8917168573629066 -0.4525936878645365 0.0 0.0 0.4525936878645365 -0.8917168573629066 0.0 0.0 0.0 0.0 1.0 0.0
-0.47121334040246626 1.6666485000440223 0.0 -0.8929454148290938 -0.45016495436195125 0.0 0.0 0.45016495436195125 -0.8929454148290938 0.0 0.0 0.0 0.0 1.0 0.0
-0.5403423767956955 1.7008012036844558 0.0 -0.8854895187998484 -0.46465935059526453 0.0 0.0 0.46465935059526453 -0.8854895187998484 0.0 0.0 0.0 0.0 1.0 0.0
-0.6122424599548802 1.7398859832735278 0.0 -0.8856083124490488 -0.46443289818998423 0.0 0.0 0.46443289818998423 -0.8856083124490488 0.0 0.0 0.0 0.0 1.0 0.0
-0.6828820268469652 1.7592036659744885 0.0 -0.9075019378322533 -0.42004789349633165 0.0 0.0 0.42004789349633165 -0.9075019378322533 0.0 0.0 0.0 0.0 1.0 0.0
-0.7565604824112427 1.782799570090469 0.0 -0.9497925626885495 -0.31288030916233506 0.0 0.0 0.31288030916233506 -0.9497925626885495 0.0 0.0 0.0 0.0 1.0 0.0
-0.8362897020188129 1.7923575156366593 0.0 -0.982905597474659 -0.18411025624061175 0.0 0.0 0.18411025624061175 -0.982905597474659 0.0 0.0 0.0 0.0 1.0 0.0
-0.905896922934364 1.7921012337713806 0.0 -0.9996160810839219 -0.027707227187539887 0.0 0.0 0.027707227187539887 -0.9996160810839219 0.0 0.0 0.0 0.0 1.0 0.0
-0.9686948368243293 1.7820671419695453 0.0 -0.9911474417478447 0.1327657663582872 0.0 0.0 -0.1327657663582872 -0.9911474417478447 0.0 0.0 0.0 0.0 1.0 0.0
-1.0297232430916037 1.7595883453918224 0.0 -0.9550597247021742 0.29641343129454656 0.0 0.0 -0.29641343129454656 -0.9550597247021742 0.0 0.0 0.0 0.0 1.0 0.0
-1.0780164393259926 1.7169364867861074 0.0 -0.8856874165374875 0.4642820265605281 0.0 0.0 -0.4642820265605281 -0.8856874165374875 0.0 0.0 0.0 0.0 1.0 0.0
-1.1273933712640447 1.6733086689289334 0.0 -0.7846633507013676 0.6199221129029864 0.0 0.0 -0.6199221129029864 -0.7846633507013676 0.0 0.0 0.0 0.0 1.0 0.0
-1.1691612962821947 1.6205636949917988 0.0 -0.6599738253175136 0.7512885929493193 0.0 0.0 -0.7512885929493193 -0.6599738253175136 0.0 0.0 0.0 0.0 1.0 0.0
-1.2021558980282456 1.560734604213388 0.0 -0.5246377553802086 0.8513255697026941 0.0 0.0 -0.8513255697026941 -0.5246377553802086 0.0 0.0 0.0 0.0 1.0 0.0
-1.2272533540874955 1.4921677325315017 0.0 -0.4133808077383305 0.9105582396495051 0.0 0.0 -0.9105582396495051 -0.4133808077383305 -0.0 0.0 -0.0 0.0 1.0 0.0
-1.2381149493613377 1.4204627144142306 0.0 -0.33658325460559246 0.9416537116791432 0.0 0.0 -0.9416537116791432 -0.33658325460559246 -0.0 0.0 -0.0 0.0 1.0 0.0
-1.2589737721224357 1.3450612122317243 0.0 -0.3169293939483879 0.948449133718571 0.0 0.0 -0.948449133718571 -0.3169293939483879 -0.0 0.0 -0.0 0.0 1.0 0.0
-1.2917404144187796 1.2918498640907032 0.0 -0.3536641232837541 0.9353724861796685 0.0 0.0 -0.9353724861796685 -0.3536641232837541 -0.0 0.0 -0.0 0.0 1.0 0.0
-1.3224965186988005 1.2186033224506867 0.0 -0.3871902061433061 0.92199986131599 0.0 0.0 -0.92199986131599 -0.3871902061433061 -0.0 0.0 -0.0 0.0 1.0 0.0
-1.3575208188030037 1.146751017167794 0.0 -0.42356082679299845 0.9058676647316821 0.0 0.0 -0.9058676647316821 -0.42356082679299845 -0.0 0.0 -0.0 0.0 1.0 0.0
-1.3811046320149754 1.064181196492592 0.0 -0.4315555871614487 0.9020863457506371 0.0 0.0 -0.9020863457506371 -0.4315555871614487 -0.0 0.0 -0.0 0.0 1.0 0.0
-1.4108348545963458 0.9911584363781639 0.0 -0.40130760169165547 0.9159433436760659 0.0 0.0 -0.9159433436760659 -0.40130760169165547 -0.0 0.0 -0.0 0.0 1.0 0.0
-1.4380685044830794 0.9182910854702525 0.0 -0.36869141811100725 0.929551848048991 0.0 0.0 -0.929551848048991 -0.36869141811100725 -0.0 0.0 -0.0 0.0 1.0 0.0
-1.4635178479183444 0.8405780523203945 0.0 -0.33396396971677866 0.9425858406166575 0.0 0.0 -0.9425858406166575 -0.33396396971677866 -0.0 0.0 -0.0 0.0 1.0 0.0
-1.4764685435721658 0.7644605553958957 0.0 -0.3025363348940864 0.9531378526052007 0.0 0.0 -0.9531378526052007 -0.3025363348940864 -0.0 0.0 -0.0 0.0 1.0 0.0
-1.4953794099975772 0.6856911419094993 0.0 -0.25643308692915445 0.9665619855591182 0.0 0.0 -0.9665619855591182 -0.25643308692915445 -0.0 0.0 -0.0 0.0 1.0 0.0
-1.5044850287023241 0.6065306727284937 0.0 -0.14362594494550662 0.9896320467418739 0.0 0.0 -0.9896320467418739 -0.14362594494550662 -0.0 0.0 -0.0 0.0 1.0 0.0
-1.50075692915909 0.5373811720875323 0.0 0.0009307511157820025 0.9999995668510865 0.0 0.0 -0.9999995668510865 0.0009307511157820025 -0.0 0.0 -0.0 0.0 1.0 0.0
-1.484199070766606 0.4673104831060254 0.0 0.1514939830367844 0.9884581797444191 0.0 0.0 -0.9884581797444191 0.1514939830367844 -0.0 0.0 -0.0 0.0 1.0 0.0
-1.462576368675281 0.4048298545304478 0.0 0.2946732554720223 0.9555980705869598 0.0 0.0 -0.9555980705869598 0.2946732554720223 -0.0 0.0 -0.0 0.0 1.0 0.0
-1.4295678025746812 0.3480959055844333 0.0 0.43915147327724635 0.8984130361467514 0.0 0.0 -0.8984130361467514 0.43915147327724635 -0.0 0.0 -0.0 0.0 1.0 0.0
-1.4016065647895226 0.3207561237031625 0.0 0.5716409110205927 0.8205039115370181 0.0 0.0 -0.8205039115370181 0.5716409110205927 -0.0 0.0 -0.0 0.0 1.0 0.0
-1.365472113619558 0.2884813291248684 0.0 0.6887782479409545 0.724972085782197 0.0 0.0 -0.724972085782197 0.6887782479409545 -0.0 0.0 -0.0 0.0 1.0 0.0
-1.3283365695944291 0.26653194933383656 0.0 0.774992939123209 0.6319698919324955 0.0 0.0 -0.6319698919324955 0.774992939123209 -0.0 0.0 -0.0 0.0 1.0 0.0
-1.2956980150591348 0.25982305986590093 0.0 0.8370031485322734 0.5471980714029071 0.0 0.0 -0.5471980714029071 0.8370031485322734 -0.0 0.0 -0.0 0.0 1.0 0.0
-1.2307679345797695 0.22382033895640313 0.0 0.8551265401082272 0.5184193287316095 0.0 0.0 -0.5184193287316095 0.8551265401082272 -0.0 0.0 -0.0 0.0 1.0 0.0
-1.1719537552954051 0.19507509625791097 0.0 0.8580798578070292 0.5135162681219247 0.0 0.0 -0.5135162681219247 0.8580798578070292 -0.0 0.0 -0.0 0.0 1.0 0.0
-1.0996097031329726 0.1550112895950459 0.0 0.8640998393153321 0.5033204423577661 0.0 0.0 -0.5033204423577661 0.8640998393153321 -0.0 0.0 -0.0 0.0 1.0 0.0
-1.0294815044686496 0.1072223771831812 0.0 0.8652181825939003 0.5013955489520309 0.0 0.0 -0.5013955489520309 0.8652181825939003 -0.0 0.0 -0.0 0.0 1.0 0.0
-0.9640632098893284 0.08340401833005459 0.0 0.8660190924070095 0.5000109314670426 0.0 0.0 -0.5000109314670426 0.8660190924070095 -0.0 0.0 -0.0 0.0 1.0 0.0
-0.8893937260488645 0.040550347842612626 0.0 0.871387538082172 0.49059531028648384 0.0 0.0 -0.49059531028648384 0.871387538082172 -0.0 0.0 -0.0 0.0 1.0 0.0
-0.8263097578200095 0.0015830426478327907 0.0 0.8866589773923401 0.46242389407292706 0.0 0.0 -0.46242389407292706 0.8866589773923401 -0.0 0.0 -0.0 0.0 1.0 0.0
-0.7662757885920263 -0.026146813292534512 0.0 0.9185595232289835 0.3952826865489336 0.0 0.0 -0.3952826865489336 0.9185595232289835 -0.0 0.0 -0.0 0.0 1.0 0.0
-0.6977801711252126 -0.03823469341852181 0.0 0.9480043080798003 0.31825749301805784 0.0 0.0 -0.31825749301805784 0.9480043080798003 -0.0 0.0 -0.0 0.0 1.0 0.0
-0.6299751834192939 -0.05275268284042236 0.0 0.9694997458174706 0.24509231497511272 0.0 0.0 -0.24509231497511272 0.9694997458174706 -0.0 0.0 -0.0 0.0 1.0 0.0
-0.559864904186034 -0.0703291025840457 0.0 0.9874965353603249 0.15764070746908806 0.0 0.0 -0.15764070746908806 0.9874965353603249 -0.0 0.0 -0.0 0.0 1.0 0.0
-0.49558980172324 -0.06542918756804687 0.0 0.996871970080783 0.07903338071510325 0.0 0.0 -0.07903338071510325 0.996871970080783 -0.0 0.0 -0.0 0.0 1.0 0.0
-0.42203836716061244 -0.06413413174307223 0.0 0.9999911478778167 -0.004207631876294992 0.0 0.0 0.004207631876294992 0.9999911478778167 0.0 0.0 0.0 0.0 1.0 0.0
-0.3403680651134439 -0.06467288072983456 0.0 0.9958319549293352 -0.09120700379695958 0.0 0.0 0.09120700379695958 0.9958319549293352 0.0 0.0 0.0 0.0 1.0 0.0
-0.2756888828466679 -0.04476815660915469 0.0 0.9916953918333969 -0.12860890255501475 0.0 0.0 0.12860890255501475 0.9916953918333969 0.0 0.0 0.0 0.0 1.0 0.0
-0.20344088638280286 -0.037104442952917135 0.0 0.9923951831201352 -0.12309265014595064 0.0 0.0 0.12309265014595064 0.9923951831201352 0.0 0.0 0.0 0.0 1.0 0.0
-0.04792828654421891 -0.0788509717383243 0.0 0.9952249912331085 -0.09760746295780397 0.0 0.0 0.09760746295780397 0.9952249912331085 0.0 0.0 0.0 0.0 1.0 0.0
-0.05350588416435808 -0.03314121243377566 0.0 0.9985682536923044 -0.053492454775431804 0.0 0.0 0.053492454775431804 0.9985682536923044 0.0 0.0 0.0 0.0 1.0 0.0
0.024241791644125606 -0.03312106283971289 0.0 0.9999691330100556 -0.007857036789894144 0.0 0.0 0.007857036789894144 0.9999691330100556 0.0 0.0 0.0 0.0 1.0 0.0
0.10206248497647152 -0.03567318469585318 0.0 0.999120193623443 0.04193851086833961 0.0 0.0 -0.04193851086833961 0.999120193623443 -0.0 0.0 -0.0 0.0 1.0 0.0
0.16118450925784175 -0.04137961189934846 0.0 0.9959848103293082 0.08952238598971803 0.0 0.0 -0.08952238598971803 0.9959848103293082 -0.0 0.0 -0.0 0.0 1.0 0.0
0.16269754099463246 -0.0410741592574981 0.0 0.9956964076060726 0.09267504453930317 0.0 0.0 -0.09267504453930317 0.9956964076060726 -0.0 0.0 -0.0 0.0 1.0 0.0
0.1628462255907573 -0.04092126065463615 0.0 0.9956966219317248 0.09267274180551587 0.0 0.0 -0.09267274180551587 0.9956966219317248 -0.0 0.0 -0.0 0.0 1.0 0.0
0.16332374604951072 -0.041358112279813196 0.0 0.9956997420947489 0.09263921195935622 0.0 0.0 -0.09263921195935622 0.9956997420947489 -0.0 0.0 -0.0 0.0 1.0 0.0
0.163096786131262 -0.041731595247017125 0.0 0.9957983445691425 0.09157323273399992 0.0 0.0 -0.09157323273399992 0.9957983445691425 -0.0 0.0 -0.0 0.0 1.0 0.0
0.16300486215966087 -0.04071309148443456 0.0 0.9957035445429908 0.09259833359474834 0.0 0.0 -0.09259833359474834 0.9957035445429908 -0.0 0.0 -0.0 0.0 1.0 0.0
0.16313191619084033 -0.04056499505366149 0.0 0.9956947741802258 0.09269259231561708 0.0 0.0 -0.09269259231561708 0.9956947741802258 -0.0 0.0 -0.0 0.0 1.0 0.0
