-0.002017974853515625 -0.0032196044921875 0.0 0.9999949733564995 -0.0031706878960033173 0.0 0.0 0.0031706878960033173 0.9999949733564995 0.0 0.0 0.0 0.0 1.0 0.0
0.000762939453125 -0.004150390625 0.0 0.9999976309846413 -0.002176700508816467 0.0 0.0 0.002176700508816467 0.9999976309846413 0.0 0.0 0.0 0.0 1.0 0.0
-0.0001220703125 -0.0022430419921875 0.0 0.9999985749505934 -0.0016882229658519022 0.0 0.0 0.0016882229658519022 0.9999985749505934 0.0 0.0 0.0 0.0 1.0 0.0
-0.001697540283203125 -0.003055572509765625 0.0 0.9999992817925428 -0.0011985050681863737 0.0 0.0 0.0011985050681863737 0.9999992817925428 0.0 0.0 0.0 0.0 1.0 0.0
0.00078582763671875 -0.00568389892578125 0.0 0.9999984031669267 -0.0017870824258389702 0.0 0.0 0.0017870824258389702 0.9999984031669267 0.0 0.0 0.0 0.0 1.0 0.0
-0.00061798095703125 -0.0060882568359375 0.0 0.9999993586853212 -0.0011325320950818121 0.0 0.0 0.0011325320950818121 0.9999993586853212 0.0 0.0 0.0 0.0 1.0 0.0
0.000732421875 -0.002475738525390625 0.0 0.9999997683565582 -0.0006806517684963228 0.0 0.0 0.0006806517684963228 0.9999997683565582 0.0 0.0 0.0 0.0 1.0 0.0
-0.00237274169921875 -0.001678466796875 0.0 0.999999390919629 0.0011037030266623643 0.0 0.0 -0.0011037030266623643 0.999999390919629 -0.0 0.0 -0.0 0.0 1.0 0.0
0.000843048095703125 -0.004940032958984375 0.0 0.9999958078211046 -0.002895572519625345 0.0 0.0 0.002895572519625345 0.9999958078211046 0.0 0.0 0.0 0.0 1.0 0.0
0.046100616455078125 -0.00217437744140625 0.0 0.9999990348831557 0.001389328167584676 0.0 0.0 -0.001389328167584676 0.9999990348831557 -0.0 0.0 -0.0 0.0 1.0 0.0
0.16978836059570312 -0.000415802001953125 0.0 0.9959568878294353 -0.08983249737765182 0.0 0.0 0.08983249737765182 0.9959568878294353 0.0 0.0 0.0 0.0 1.0 0.0
0.2663383483886719 0.00588226318359375 0.0 0.9917815441354069 -0.1279428337672258 0.0 0.0 0.1279428337672258 0.9917815441354069 0.0 0.0 0.0 0.0 1.0 0.0
0.3953742980957031 0.023426055908203125 0.0 0.9834994513015013 -0.18091110880663458 0.0 0.0 0.18091110880663458 0.9834994513015013 0.0 0.0 0.0 0.0 1.0 0.0
0.47739410400390625 0.03684234619140625 0.0 0.9776301576274751 -0.21033134549390922 0.0 0.0 0.21033134549390922 0.9776301576274751 0.0 0.0 0.0 0.0 1.0 0.0
0.5951652526855469 0.06397247314453125 0.0 0.9717732382284006 -0.23591687829209748 0.0 0.0 0.23591687829209748 0.9717732382284006 0.0 0.0 0.0 0.0 1.0 0.0
0.687286376953125 0.08548736572265625 0.0 0.9697374748891775 -0.2441500149407366 0.0 0.0 0.2441500149407366 0.9697374748891775 0.0 0.0 0.0 0.0 1.0 0.0
0.8113822937011719 0.11972808837890625 0.0 0.9604301235698304 -0.27852105439201624 0.0 0.0 0.27852105439201624 0.9604301235698304 0.0 0.0 0.0 0.0 1.0 0.0
0.8836174011230469 0.13509368896484375 0.0 0.9512295838968389 -0.3084838386681655 0.0 0.0 0.3084838386681655 0.9512295838968389 0.0 0.0 0.0 0.0 1.0 0.0
1.0153732299804688 0.18195724487304688 0.0 0.9339147635100433 -0.35749575451742077 0.0 0.0 0.35749575451742077 0.9339147635100433 0.0 0.0 0.0 0.0 1.0 0.0
1.09521484375 0.215484619140625 0.0 0.9080156492933648 -0.4189362488951622 0.0 0.0 0.4189362488951622 0.9080156492933648 0.0 0.0 0.0 0.0 1.0 0.0
1.2079086303710938 0.2661247253417969 0.0 0.8756712011464806 -0.4829078043298534 0.0 0.0 0.4829078043298534 0.8756712011464806 0.0 0.0 0.0 0.0 1.0 0.0
1.2732467651367188 0.29599761962890625 0.0 0.8682300753994292 -0.4961618044266423 0.0 0.0 0.4961618044266423 0.8682300753994292 0.0 0.0 0.0 0.0 1.0 0.0
1.3747138977050781 0.3493461608886719 0.0 0.8470121393968001 -0.5315735468535427 0.0 0.0 0.5315735468535427 0.8470121393968001 0.0 0.0 0.0 0.0 1.0 0.0
1.4462089538574219 0.3913154602050781 0.0 0.7850207917754948 -0.6194694152903559 0.0 0.0 0.6194694152903559 0.7850207917754948 0.0 0.0 0.0 0.0 1.0 0.0
1.5287055969238281 0.43566131591796875 0.0 0.7321289717797284 -0.6811660360593134 0.0 0.0 0.6811660360593134 0.7321289717797284 0.0 0.0 0.0 0.0 1.0 0.0
1.5926742553710938 0.5232048034667969 0.0 0.6171132259963026 -0.7868743650039924 0.0 0.0 0.7868743650039924 0.6171132259963026 0.0 0.0 0.0 0.0 1.0 0.0
1.6448440551757812 0.5720710754394531 0.0 0.47246362523031804 -0.8813501703830469 0.0 0.0 0.8813501703830469 0.47246362523031804 0.0 0.0 0.0 0.0 1.0 0.0
1.6794357299804688 0.6310310363769531 0.0 0.3888361793252788 -0.9213069117551002 0.0 0.0 0.9213069117551002 0.3888361793252788 0.0 0.0 0.0 0.0 1.0 0.0
1.7291793823242188 0.7607955932617188 0.0 0.3197050910484873 -0.9475170999816723 0.0 0.0 0.9475170999816723 0.3197050910484873 0.0 0.0 0.0 0.0 1.0 0.0
1.7569580078125 0.8386344909667969 0.0 0.28053283953790387 -0.9598444279886199 0.0 0.0 0.9598444279886199 0.28053283953790387 0.0 0.0 0.0 0.0 1.0 0.0
1.7912216186523438 0.949737548828125 0.0 0.23858526634817 -0.9711215529899299 0.0 0.0 0.9711215529899299 0.23858526634817 0.0 0.0 0.0 0.0 1.0 0.0
1.8178787231445312 1.0863037109375 0.0 0.19196789637163814 -0.9814012058086378 0.0 0.0 0.9814012058086378 0.19196789637163814 0.0 0.0 0.0 0.0 1.0 0.0
1.8411369323730469 1.18609619140625 0.0 0.2050737935881376 -0.9787465142637136 0.0 0.0 0.9787465142637136 0.2050737935881376 0.0 0.0 0.0 0.0 1.0 0.0
1.8535346984863281 1.2798080444335938 0.0 0.19073404445043607 -0.9816417494623887 0.0 0.0 0.9816417494623887 0.19073404445043607 0.0 0.0 0.0 0.0 1.0 0.0
1.879180908203125 1.4088668823242188 0.0 0.18131906849454715 -0.9834243211352208 0.0 0.0 0.9834243211352208 0.18131906849454715 0.0 0.0 0.0 0.0 1.0 0.0
1.8958969116210938 1.499053955078125 0.0 0.163594521979614 -0.9865276642741763 0.0 0.0 0.9865276642741763 0.163594521979614 0.0 0.0 0.0 0.0 1.0 0.0
1.9138069152832031 1.6209220886230469 0.0 0.14674932534915885 -0.9891737135152586 0.0 0.0 0.9891737135152586 0.14674932534915885 0.0 0.0 0.0 0.0 1.0 0.0
1.92547607421875 1.709503173828125 0.0 0.12643662318731141 -0.991974687336824 0.0 0.0 0.991974687336824 0.12643662318731141 0.0 0.0 0.0 0.0 1.0 0.0
1.942962646484375 1.8424186706542969 0.0 0.10809204382858384 -0.9941408904481094 0.0 0.0 0.9941408904481094 0.10809204382858384 0.0 0.0 0.0 0.0 1.0 0.0
1.9601516723632812 1.8972549438476562 0.0 0.09977302733669902 -0.9950102225686278 0.0 0.0 0.9950102225686278 0.09977302733669902 0.0 0.0 0.0 0.0 1.0 0.0
1.9676895141601562 2.0356063842773438 0.0 0.050844261206294705 -0.9987065941017845 0.0 0.0 0.9987065941017845 0.050844261206294705 0.0 0.0 0.0 0.0 1.0 0.0
1.9677848815917969 2.1364059448242188 0.0 0.03087546107644401 -0.9995232393012767 0.0 0.0 0.9995232393012767 0.03087546107644401 0.0 0.0 0.0 0.0 1.0 0.0
1.970367431640625 2.254852294921875 0.0 -0.02886345390581857 -0.9995833637214191 0.0 0.0 0.9995833637214191 -0.02886345390581857 0.0 0.0 0.0 0.0 1.0 0.0
1.9592170715332031 2.356273651123047 0.0 -0.07458140230156407 -0.9972149289048637 0.0 0.0 0.9972149289048637 -0.07458140230156407 0.0 0.0 0.0 0.0 1.0 0.0
1.94976806640625 2.4759750366210938 0.0 -0.09630849387122264 -0.9953515328808494 0.0 0.0 0.9953515328808494 -0.09630849387122264 0.0 0.0 0.0 0.0 1.0 0.0
1.9351005554199219 2.5800704956054688 0.0 -0.12844091933601276 -0.991717162420879 0.0 0.0 0.991717162420879 -0.12844091933601276 0.0 0.0 0.0 0.0 1.0 0.0
1.9376144409179688 2.654125213623047 0.0 -0.23265511818875373 -0.9725593020379668 0.0 0.0 0.9725593020379668 -0.23265511818875373 0.0 0.0 0.0 0.0 1.0 0.0
1.9345512390136719 2.694530487060547 0.0 -0.30880760493590476 -0.9511245255663165 0.0 0.0 0.9511245255663165 -0.30880760493590476 0.0 0.0 0.0 0.0 1.0 0.0
1.9038581848144531 2.795368194580078 0.0 -0.3785367571092053 -0.9255862593606534 0.0 0.0 0.9255862593606534 -0.3785367571092053 0.0 0.0 0.0 0.0 1.0 0.0
1.8534126281738281 2.884235382080078 0.0 -0.41931488531415617 -0.9078408599275403 0.0 0.0 0.9078408599275403 -0.41931488531415617 0.0 0.0 0.0 0.0 1.0 0.0
1.8227462768554688 2.97784423828125 0.0 -0.4703879359111316 -0.8824597383162959 0.0 0.0 0.8824597383162959 -0.4703879359111316 0.0 0.0 0.0 0.0 1.0 0.0
1.7769851684570312 3.059619903564453 0.0 -0.5358007778790967 -0.8443444358934066 0.0 0.0 0.8443444358934066 -0.5358007778790967 0.0 0.0 0.0 0.0 1.0 0.0
1.7289237976074219 3.155376434326172 0.0 -0.6147438437613746 -0.7887268263204259 0.0 0.0 0.7887268263204259 -0.6147438437613746 0.0 0.0 0.0 0.0 1.0 0.0
1.6682510375976562 3.2262191772460938 0.0 -0.6675630746088737 -0.7445532495522046 0.0 0.0 0.7445532495522046 -0.6675630746088737 0.0 0.0 0.0 0.0 1.0 0.0
1.5914688110351562 3.321643829345703 0.0 -0.7361712149439095 -0.6767953474190027 0.0 0.0 0.6767953474190027 -0.7361712149439095 0.0 0.0 0.0 0.0 1.0 0.0
1.5325813293457031 3.378490447998047 0.0 -0.7871694209267921 -0.6167368180656793 0.0 0.0 0.6167368180656793 -0.7871694209267921 0.0 0.0 0.0 0.0 1.0 0.0
1.4415092468261719 3.4497604370117188 0.0 -0.8585780762966111 -0.5126828326585652 0.0 0.0 0.5126828326585652 -0.8585780762966111 0.0 0.0 0.0 0.0 1.0 0.0
1.358428955078125 3.503204345703125 0.0 -0.901065935443019 -0.43368211858940836 0.0 0.0 0.43368211858940836 -0.901065935443019 0.0 0.0 0.0 0.0 1.0 0.0
1.2546463012695312 3.543529510498047 0.0 -0.9331540174906614 -0.3594768137739035 0.0 0.0 0.3594768137739035 -0.9331540174906614 0.0 0.0 0.0 0.0 1.0 0.0
1.16973876953125 3.5791091918945312 0.0 -0.944000587155239 -0.32994377013449594 0.0 0.0 0.32994377013449594 -0.944000587155239 0.0 0.0 0.0 0.0 1.0 0.0
1.03338623046875 3.61712646484375 0.0 -0.9513789770493772 -0.3080227946572807 0.0 0.0 0.3080227946572807 -0.9513789770493772 0.0 0.0 0.0 0.0 1.0 0.0
0.9728012084960938 3.6470718383789062 0.0 -0.9461897036402092 -0.32361249160879535 0.0 0.0 0.32361249160879535 -0.9461897036402092 0.0 0.0 0.0 0.0 1.0 0.0
0.8544235229492188 3.6849746704101562 0.0 -0.9450868913982016 -0.3268191666767483 0.0 0.0 0.3268191666767483 -0.9450868913982016 0.0 0.0 0.0 0.0 1.0 0.0
0.7679252624511719 3.7149658203125 0.0 -0.9478706066866567 -0.3186554769331124 0.0 0.0 0.3186554769331124 -0.9478706066866567 0.0 0.0 0.0 0.0 1.0 0.0
0.6432113647460938 3.7518997192382812 0.0 -0.9425528424062111 -0.3340570898394062 0.0 0.0 0.3340570898394062 -0.9425528424062111 0.0 0.0 0.0 0.0 1.0 0.0
0.6001815795898438 3.771251678466797 0.0 -0.9379421939506896 -0.3467916388942617 0.0 0.0 0.3467916388942617 -0.9379421939506896 0.0 0.0 0.0 0.0 1.0 0.0
0.5539741516113281 3.801738739013672 0.0 -0.9012244881578937 -0.4333525377155914 0.0 0.0 0.4333525377155914 -0.9012244881578937 0.0 0.0 0.0 0.0 1.0 0.0
0.49652099609375 3.825489044189453 0.0 -0.835548786623308 -0.5494162585620468 0.0 0.0 0.5494162585620468 -0.835548786623308 0.0 0.0 0.0 0.0 1.0 0.0
0.43560028076171875 3.8763198852539062 0.0 -0.8549367747230059 -0.5187322153348727 0.0 0.0 0.5187322153348727 -0.8549367747230059 0.0 0.0 0.0 0.0 1.0 0.0
0.37242889404296875 3.923175811767578 0.0 -0.9606670383398592 -0.27770279337328235 0.0 0.0 0.27770279337328235 -0.9606670383398592 0.0 0.0 0.0 0.0 1.0 0.0
0.2484130859375 3.9588241577148438 0.0 -0.9998647122541009 0.01644862270904899 0.0 0.0 -0.01644862270904899 -0.9998647122541009 0.0 0.0 0.0 0.0 1.0 0.0
0.166717529296875 3.968189239501953 0.0 -0.9919998741761376 0.1262388594471931 0.0 0.0 -0.1262388594471931 -0.9919998741761376 0.0 0.0 0.0 0.0 1.0 0.0
0.04694366455078125 3.956066131591797 0.0 -0.9756022392588344 0.2195456006235343 0.0 0.0 -0.2195456006235343 -0.9756022392588344 0.0 0.0 0.0 0.0 1.0 0.0
-0.039676666259765625 3.919025421142578 0.0 -0.9765172594723839 0.2154391838838622 0.0 0.0 -0.2154391838838622 -0.9765172594723839 0.0 0.0 0.0 0.0 1.0 0.0
-0.170013427734375 3.8803634643554688 0.0 -0.975859464430175 0.21839941776949046 0.0 0.0 -0.21839941776949046 -0.975859464430175 0.0 0.0 0.0 0.0 1.0 0.0
-0.2559471130371094 3.8646774291992188 0.0 -0.9785260361262298 0.20612325590065822 0.0 0.0 -0.20612325590065822 -0.9785260361262298 0.0 0.0 0.0 0.0 1.0 0.0
-0.3776092529296875 3.834613800048828 0.0 -0.9821420319661069 0.1881409818340692 0.0 0.0 -0.1881409818340692 -0.9821420319661069 0.0 0.0 0.0 0.0 1.0 0.0
-0.45900726318359375 3.826313018798828 0.0 -0.9813430026119019 0.19226521064575433 0.0 0.0 -0.19226521064575433 -0.9813430026119019 0.0 0.0 0.0 0.0 1.0 0.0
-0.5936355590820312 3.7882614135742188 0.0 -0.9637309079302248 0.26687588332403644 0.0 0.0 -0.26687588332403644 -0.9637309079302248 0.0 0.0 0.0 0.0 1.0 0.0
-0.6774215698242188 3.758525848388672 0.0 -0.9563854690628877 0.29210757361862544 0.0 0.0 -0.29210757361862544 -0.9563854690628877 0.0 0.0 0.0 0.0 1.0 0.0
-0.7932205200195312 3.72784423828125 0.0 -0.9343624661539369 0.35632398437760715 0.0 0.0 -0.35632398437760715 -0.9343624661539369 0.0 0.0 0.0 0.0 1.0 0.0
-0.8697433471679688 3.7028579711914062 0.0 -0.9215807430885201 0.3881867256468343 0.0 0.0 -0.3881867256468343 -0.9215807430885201 0.0 0.0 0.0 0.0 1.0 0.0
-0.9855880737304688 3.647480010986328 0.0 -0.9155385420540241 0.4022302549704489 0.0 0.0 -0.4022302549704489 -0.9155385420540241 0.0 0.0 0.0 0.0 1.0 0.0
-1.0618362426757812 3.6200485229492188 0.0 -0.9052227349069952 0.4249374073996078 0.0 0.0 -0.4249374073996078 -0.9052227349069952 0.0 0.0 0.0 0.0 1.0 0.0
-1.1695518493652344 3.5688705444335938 0.0 -0.8669056864910027 0.4984721965461708 0.0 0.0 -0.4984721965461708 -0.8669056864910027 0.0 0.0 0.0 0.0 1.0 0.0
-1.2310295104980469 3.5322341918945312 0.0 -0.8648151336981189 0.5020904146931155 0.0 0.0 -0.5020904146931155 -0.8648151336981189 0.0 0.0 0.0 0.0 1.0 0.0
-1.3298187255859375 3.469501495361328 0.0 -0.8288162723662147 0.5595208545362486 0.0 0.0 -0.5595208545362486 -0.8288162723662147 0.0 0.0 0.0 0.0 1.0 0.0
-1.3915367126464844 3.4323348999023438 0.0 -0.6994665418693271 0.7146653460224337 0.0 0.0 -0.7146653460224337 -0.6994665418693271 0.0 0.0 0.0 0.0 1.0 0.0
-1.479339599609375 3.3276443481445312 0.0 -0.5049989505140122 0.8631199568888126 0.0 0.0 -0.8631199568888126 -0.5049989505140122 0.0 0.0 0.0 0.0 1.0 0.0
-1.5245933532714844 3.251495361328125 0.0 -0.3994945981564608 0.916735548587382 0.0 0.0 -0.916735548587382 -0.3994945981564608 -0.0 0.0 -0.0 0.0 1.0 0.0
-1.5708160400390625 3.1375350952148438 0.0 -0.31398506800453796 0.9494279209451266 0.0 0.0 -0.9494279209451266 -0.31398506800453796 -0.0 0.0 -0.0 0.0 1.0 0.0
-1.595184326171875 3.0632247924804688 0.0 -0.263126604210278 0.9647613125311191 0.0 0.0 -0.9647613125311191 -0.263126604210278 -0.0 0.0 -0.0 0.0 1.0 0.0
-1.6316261291503906 2.92315673828125 0.0 -0.2116222116340305 0.9773515434801963 0.0 0.0 -0.9773515434801963 -0.2116222116340305 -0.0 0.0 -0.0 0.0 1.0 0.0
-1.64404296875 2.84600830078125 0.0 -0.20293454195965155 0.9791923057702336 0.0 0.0 -0.9791923057702336 -0.20293454195965155 -0.0 0.0 -0.0 0.0 1.0 0.0
-1.6658172607421875 2.72039794921875 0.0 -0.18952998908404717 0.9818749325844922 0.0 0.0 -0.9818749325844922 -0.18952998908404717 -0.0 0.0 -0.0 0.0 1.0 0.0
-1.685943603515625 2.627880096435547 0.0 -0.1741163551612983 0.9847250859327922 0.0 0.0 -0.9847250859327922 -0.1741163551612983 -0.0 0.0 -0.0 0.0 1.0 0.0
-1.7073287963867188 2.5001296997070312 0.0 -0.1527109520935317 0.9882708966223215 0.0 0.0 -0.9882708966223215 -0.1527109520935317 -0.0 0.0 -0.0 0.0 1.0 0.0
-1.7227287292480469 2.410350799560547 0.0 -0.15099440367323558 0.9885346175321146 0.0 0.0 -0.9885346175321146 -0.15099440367323558 -0.0 0.0 -0.0 0.0 1.0 0.0
-1.7433853149414062 2.281574249267578 0.0 -0.13805547384726258 0.9904244979506557 0.0 0.0 -0.9904244979506557 -0.13805547384726258 -0.0 0.0 -0.0 0.0 1.0 0.0
-1.7547531127929688 2.2021408081054688 0.0 -0.11988961033521006 0.9927872286314282 0.0 0.0 -0.9927872286314282 -0.11988961033521006 -0.0 0.0 -0.0 0.0 1.0 0.0
-1.7698440551757812 2.068805694580078 0.0 -0.11960556475739725 0.9928214889289334 0.0 0.0 -0.9928214889289334 -0.11960556475739725 -0.0 0.0 -0.0 0.0 1.0 0.0
-1.7802200317382812 1.9803237915039062 0.0 -0.12605287996699133 0.9920235236384405 0.0 0.0 -0.9920235236384405 -0.12605287996699133 -0.0 0.0 -0.0 0.0 1.0 0.0
-1.796600341796875 1.8567581176757812 0.0 -0.136394808194225 0.9906545595199473 0.0 0.0 -0.9906545595199473 -0.136394808194225 -0.0 0.0 -0.0 0.0 1.0 0.0
-1.8081130981445312 1.7816047668457031 0.0 -0.1418779399015775 0.9898841599749358 0.0 0.0 -0.9898841599749358 -0.1418779399015775 -0.0 0.0 -0.0 0.0 1.0 0.0
-1.8221511840820312 1.6588630676269531 0.0 -0.167632788287986 0.9858495059038146 0.0 0.0 -0.9858495059038146 -0.167632788287986 -0.0 0.0 -0.0 0.0 1.0 0.0
-1.8327102661132812 1.5961532592773438 0.0 -0.16611323824570223 0.986106683923969 0.0 0.0 -0.986106683923969 -0.16611323824570223 -0.0 0.0 -0.0 0.0 1.0 0.0
-1.8449668884277344 1.5233535766601562 0.0 -0.1261942313357205 0.9920055523925192 0.0 0.0 -0.9920055523925192 -0.1261942313357205 -0.0 0.0 -0.0 0.0 1.0 0.0
-1.84625244140625 1.4700851440429688 0.0 -0.11159590281325937 0.9937536689116142 0.0 0.0 -0.9937536689116142 -0.11159590281325937 -0.0 0.0 -0.0 0.0 1.0 0.0
-1.8533172607421875 1.4732742309570312 0.0 -0.10306388171994096 0.9946747389397291 0.0 0.0 -0.9946747389397291 -0.10306388171994096 -0.0 0.0 -0.0 0.0 1.0 0.0
-1.8515548706054688 1.4165267944335938 0.0 -0.21943127694914044 0.9756279591609038 0.0 0.0 -0.9756279591609038 -0.21943127694914044 -0.0 0.0 -0.0 0.0 1.0 0.0
-1.8800926208496094 1.3057670593261719 0.0 -0.024199033236100176 0.9997071605177379 0.0 0.0 -0.9997071605177379 -0.024199033236100176 -0.0 0.0 -0.0 0.0 1.0 0.0
-1.8765373229980469 1.2224197387695312 0.0 0.14487690359056948 0.9894496868492146 0.0 0.0 -0.9894496868492146 0.14487690359056948 -0.0 0.0 -0.0 0.0 1.0 0.0
-1.8524894714355469 1.0875625610351562 0.0 0.34198685030104214 0.9397047377879783 0.0 0.0 -0.9397047377879783 0.34198685030104214 -0.0 0.0 -0.0 0.0 1.0 0.0
-1.824676513671875 1.0135993957519531 0.0 0.43843092193200894 0.8987648895533519 0.0 0.0 -0.8987648895533519 0.43843092193200894 -0.0 0.0 -0.0 0.0 1.0 0.0
-1.7713241577148438 0.91046142578125 0.0 0.5262876622114294 0.8503065897686719 0.0 0.0 -0.8503065897686719 0.5262876622114294 -0.0 0.0 -0.0 0.0 1.0 0.0
-1.7227706909179688 0.8371810913085938 0.0 0.5893856741816317 0.807851797713828 0.0 0.0 -0.807851797713828 0.5893856741816317 -0.0 0.0 -0.0 0.0 1.0 0.0
-1.6419219970703125 0.7376327514648438 0.0 0.656779387991641 0.7540827776241317 0.0 0.0 -0.7540827776241317 0.656779387991641 -0.0 0.0 -0.0 0.0 1.0 0.0
-1.5891265869140625 0.6767158508300781 0.0 0.7044549044344246 0.7097487496419319 0.0 0.0 -0.7097487496419319 0.7044549044344246 -0.0 0.0 -0.0 0.0 1.0 0.0
-1.4998893737792969 0.5898208618164062 0.0 0.7737478381816452 0.6334937118150668 0.0 0.0 -0.6334937118150668 0.7737478381816452 -0.0 0.0 -0.0 0.0 1.0 0.0
-1.432952880859375 0.5355644226074219 0.0 0.8028644354887211 0.5961616376683232 0.0 0.0 -0.5961616376683232 0.8028644354887211 -0.0 0.0 -0.0 0.0 1.0 0.0
-1.3205986022949219 0.44220733642578125 0.0 0.8656483573006777 0.5006524957519319 0.0 0.0 -0.5006524957519319 0.8656483573006777 -0.0 0.0 -0.0 0.0 1.0 0.0
-1.2484321594238281 0.4070854187011719 0.0 0.8872188304237932 0.46134883433410395 0.0 0.0 -0.46134883433410395 0.8872188304237932 -0.0 0.0 -0.0 0.0 1.0 0.0
-1.1348953247070312 0.35101318359375 0.0 0.9056680358409851 0.4239875102593615 0.0 0.0 -0.4239875102593615 0.9056680358409851 -0.0 0.0 -0.0 0.0 1.0 0.0
-1.056060791015625 0.31183624267578125 0.0 0.9170158109400695 0.3988508524322429 0.0 0.0 -0.3988508524322429 0.9170158109400695 -0.0 0.0 -0.0 0.0 1.0 0.0
-0.9273643493652344 0.258758544921875 0.0 0.926247823916028 0.3769150682724462 0.0 0.0 -0.3769150682724462 0.926247823916028 -0.0 0.0 -0.0 0.0 1.0 0.0
-0.847686767578125 0.22532272338867188 0.0 0.9303446393301804 0.36668631290190895 0.0 0.0 -0.36668631290190895 0.9303446393301804 -0.0 0.0 -0.0 0.0 1.0 0.0
-0.7348556518554688 0.18485260009765625 0.0 0.9291839114462771 0.36961771969075974 0.0 0.0 -0.36961771969075974 0.9291839114462771 -0.0 0.0 -0.0 0.0 1.0 0.0
-0.649627685546875 0.15459060668945312 0.0 0.9270866389691302 0.37484712063042647 0.0 0.0 -0.37484712063042647 0.9270866389691302 -0.0 0.0 -0.0 0.0 1.0 0.0
-0.5396041870117188 0.10761642456054688 0.0 0.9269269408799006 0.37524185037256885 0.0 0.0 -0.37524185037256885 0.9269269408799006 -0.0 0.0 -0.0 0.0 1.0 0.0
-0.45561981201171875 0.074676513671875 0.0 0.9331369082052465 0.35952122405381487 0.0 0.0 -0.35952122405381487 0.9331369082052465 -0.0 0.0 -0.0 0.0 1.0 0.0
-0.355621337890625 0.03551483154296875 0.0 0.9183605104272042 0.395744833052669 0.0 0.0 -0.395744833052669 0.9183605104272042 -0.0 0.0 -0.0 0.0 1.0 0.0
-0.3034858703613281 0.014537811279296875 0.0 0.9166167218022535 0.3997671638747862 0.0 0.0 -0.3997671638747862 0.9166167218022535 -0.0 0.0 -0.0 0.0 1.0 0.0
-0.23421096801757812 -0.01263427734375 0.0 0.932177007342141 0.3620027996889665 0.0 0.0 -0.3620027996889665 0.932177007342141 -0.0 0.0 -0.0 0.0 1.0 0.0
-0.24286270141601562 -0.02489471435546875 0.0 0.9911459780491386 0.13277669297364064 0.0 0.0 -0.13277669297364064 0.9911459780491386 -0.0 0.0 -0.0 0.0 1.0 0.0
-0.23006057739257812 -0.0261077880859375 0.0 0.9926105635667662 0.12134359931890384 0.0 0.0 -0.12134359931890384 0.9926105635667662 -0.0 0.0 -0.0 0.0 1.0 0.0
