-0.007114410400390625 -0.00275421142578125 0.0 0.9999997202609868 0.0007479825853705919 0.0 0.0 -0.0007479825853705919 0.9999997202609868 -0.0 0.0 -0.0 0.0 1.0 0.0
-0.00215911865234375 -0.001277923583984375 0.0 0.9999979815242463 0.0020092156263150185 0.0 0.0 -0.0020092156263150185 0.9999979815242463 -0.0 0.0 -0.0 0.0 1.0 0.0
-0.003170013427734375 0.000396728515625 0.0 0.9999997647062426 0.0006859937750242971 0.0 0.0 -0.0006859937750242971 0.9999997647062426 -0.0 0.0 -0.0 0.0 1.0 0.0
-0.00487518310546875 -0.003253936767578125 0.0 0.9999998653852247 -0.0005188733299342212 0.0 0.0 0.0005188733299342212 0.9999998653852247 0.0 0.0 0.0 0.0 1.0 0.0
-0.00122833251953125 8.392333984375e-05 0.0 0.9999992992934184 -0.001183812769087642 0.0 0.0 0.001183812769087642 0.9999992992934184 0.0 0.0 0.0 0.0 1.0 0.0
-0.00563812255859375 -0.002758026123046875 0.0 0.99999993151329 -0.00037009919657558104 0.0 0.0 0.00037009919657558104 0.99999993151329 0.0 0.0 0.0 0.0 1.0 0.0
0.01056671142578125 -0.0062713623046875 0.0 0.9999904800087688 -0.0043634724511774055 0.0 0.0 0.0043634724511774055 0.9999904800087688 0.0 0.0 0.0 0.0 1.0 0.0
0.09667205810546875 -0.00467681884765625 0.0 0.9993655450494866 -0.035616111072696265 0.0 0.0 0.035616111072696265 0.9993655450494866 0.0 0.0 0.0 0.0 1.0 0.0
0.22662353515625 0.00257110595703125 0.0 0.9935433263500674 -0.11345333254357727 0.0 0.0 0.11345333254357727 0.9935433263500674 0.0 0.0 0.0 0.0 1.0 0.0
0.35407257080078125 0.020946502685546875 0.0 0.9838927005911278 -0.17876004509816315 0.0 0.0 0.17876004509816315 0.9838927005911278 0.0 0.0 0.0 0.0 1.0 0.0
0.4359931945800781 0.03156280517578125 0.0 0.9802069550600611 -0.19797556731042218 0.0 0.0 0.19797556731042218 0.9802069550600611 0.0 0.0 0.0 0.0 1.0 0.0
0.5229873657226562 0.04882049560546875 0.0 0.9727281771154833 -0.23194804040040717 0.0 0.0 0.23194804040040717 0.9727281771154833 0.0 0.0 0.0 0.0 1.0 0.0
0.6495857238769531 0.08094406127929688 0.0 0.9695243643371436 -0.24499491210361418 0.0 0.0 0.24499491210361418 0.9695243643371436 0.0 0.0 0.0 0.0 1.0 0.0
0.731536865234375 0.10236740112304688 0.0 0.9649596289333627 -0.26239838895996853 0.0 0.0 0.26239838895996853 0.9649596289333627 0.0 0.0 0.0 0.0 1.0 0.0
0.8574295043945312 0.132476806640625 0.0 0.9523443060281829 -0.30502511827011697 0.0 0.0 0.30502511827011697 0.9523443060281829 0.0 0.0 0.0 0.0 1.0 0.0
0.9349746704101562 0.15616989135742188 0.0 0.9427130508070769 -0.3336047119541534 0.0 0.0 0.3336047119541534 0.9427130508070769 0.0 0.0 0.0 0.0 1.0 0.0
1.058685302734375 0.20098876953125 0.0 0.9253656538497519 -0.37907572683465407 0.0 0.0 0.37907572683465407 0.9253656538497519 0.0 0.0 0.0 0.0 1.0 0.0
1.1327934265136719 0.23212814331054688 0.0 0.8925219225124758 -0.45100401088530706 0.0 0.0 0.45100401088530706 0.8925219225124758 0.0 0.0 0.0 0.0 1.0 0.0
1.245361328125 0.28977203369140625 0.0 0.8631338633309554 -0.5049751815400234 0.0 0.0 0.5049751815400234 0.8631338633309554 0.0 0.0 0.0 0.0 1.0 0.0
1.3180465698242188 0.32694244384765625 0.0 0.8572021193666788 -0.5149801224836491 0.0 0.0 0.5149801224836491 0.8572021193666788 0.0 0.0 0.0 0.0 1.0 0.0
1.4166984558105469 0.38787078857421875 0.0 0.8137349083078973 -0.5812361817722104 0.0 0.0 0.5812361817722104 0.8137349083078973 0.0 0.0 0.0 0.0 1.0 0.0
1.4837760925292969 0.435943603515625 0.0 0.7503815375199001 -0.6610049531957161 0.0 0.0 0.6610049531957161 0.7503815375199001 0.0 0.0 0.0 0.0 1.0 0.0
1.5633659362792969 0.5096359252929688 0.0 0.676891304033121 -0.7360829861668732 0.0 0.0 0.7360829861668732 0.676891304033121 0.0 0.0 0.0 0.0 1.0 0.0
1.6172866821289062 0.5725593566894531 0.0 0.5463698106516477 -0.8375440466079875 0.0 0.0 0.8375440466079875 0.5463698106516477 0.0 0.0 0.0 0.0 1.0 0.0
1.6818962097167969 0.681060791015625 0.0 0.40188001360934367 -0.9156923362469264 0.0 0.0 0.9156923362469264 0.40188001360934367 0.0 0.0 0.0 0.0 1.0 0.0
1.7158737182617188 0.7631340026855469 0.0 0.3292739493557231 -0.9442344339599593 0.0 0.0 0.9442344339599593 0.3292739493557231 0.0 0.0 0.0 0.0 1.0 0.0
1.7612991333007812 0.8908195495605469 0.0 0.25841363028408815 -0.9660343656844713 0.0 0.0 0.9660343656844713 0.25841363028408815 0.0 0.0 0.0 0.0 1.0 0.0
1.7839736938476562 0.9779548645019531 0.0 0.21131157939261103 -0.9774187518226772 0.0 0.0 0.9774187518226772 0.21131157939261103 0.0 0.0 0.0 0.0 1.0 0.0
1.8078231811523438 1.1021614074707031 0.0 0.18078721601091885 -0.9835222328585266 0.0 0.0 0.9835222328585266 0.18078721601091885 0.0 0.0 0.0 0.0 1.0 0.0
1.82025146484375 1.180999755859375 0.0 0.1751751703185661 -0.9845372820283963 0.0 0.0 0.9845372820283963 0.1751751703185661 0.0 0.0 0.0 0.0 1.0 0.0
1.843902587890625 1.3038330078125 0.0 0.16892999196002834 -0.9856280524702942 0.0 0.0 0.9856280524702942 0.16892999196002834 0.0 0.0 0.0 0.0 1.0 0.0
1.8579521179199219 1.38824462890625 0.0 0.16262155235167564 -0.9866885175731658 0.0 0.0 0.9866885175731658 0.16262155235167564 0.0 0.0 0.0 0.0 1.0 0.0
1.8802108764648438 1.5171127319335938 0.0 0.15214077984629948 -0.9883588331713132 0.0 0.0 0.9883588331713132 0.15214077984629948 0.0 0.0 0.0 0.0 1.0 0.0
1.8908500671386719 1.6023635864257812 0.0 0.13564497932917696 -0.990757507961856 0.0 0.0 0.990757507961856 0.13564497932917696 0.0 0.0 0.0 0.0 1.0 0.0
1.9074211120605469 1.7353706359863281 0.0 0.11002748779897265 -0.9939285446794688 0.0 0.0 0.9939285446794688 0.11002748779897265 0.0 0.0 0.0 0.0 1.0 0.0
1.9200019836425781 1.8201828002929688 0.0 0.09712217094222464 -0.9952724671724168 0.0 0.0 0.9952724671724168 0.09712217094222464 0.0 0.0 0.0 0.0 1.0 0.0
1.9309196472167969 1.9506416320800781 0.0 0.07504496967421437 -0.9971801504876623 0.0 0.0 0.9971801504876623 0.07504496967421437 0.0 0.0 0.0 0.0 1.0 0.0
1.9366073608398438 2.0398788452148438 0.0 0.04387391315761968 -0.9990370762610552 0.0 0.0 0.9990370762610552 0.04387391315761968 0.0 0.0 0.0 0.0 1.0 0.0
1.9414253234863281 2.168292999267578 0.0 0.00961409093075738 -0.999953783559808 0.0 0.0 0.999953783559808 0.00961409093075738 0.0 0.0 0.0 0.0 1.0 0.0
1.938018798828125 2.256000518798828 0.0 -0.011995788626313342 -0.9999280479390672 0.0 0.0 0.9999280479390672 -0.011995788626313342 0.0 0.0 0.0 0.0 1.0 0.0
1.9383926391601562 2.38128662109375 0.0 -0.08424527520045122 -0.9964450479612013 0.0 0.0 0.9964450479612013 -0.08424527520045122 0.0 0.0 0.0 0.0 1.0 0.0
1.9323043823242188 2.468242645263672 0.0 -0.11539285166639446 -0.9933199332462316 0.0 0.0 0.9933199332462316 -0.11539285166639446 0.0 0.0 0.0 0.0 1.0 0.0
1.9170036315917969 2.590717315673828 0.0 -0.12409145951304712 -0.9922707844514629 0.0 0.0 0.9922707844514629 -0.12409145951304712 0.0 0.0 0.0 0.0 1.0 0.0
1.9074935913085938 2.669475555419922 0.0 -0.1900911803561407 -0.9817664402243584 0.0 0.0 0.9817664402243584 -0.1900911803561407 0.0 0.0 0.0 0.0 1.0 0.0
1.8899002075195312 2.7584304809570312 0.0 -0.2958744058141869 -0.9552268505355688 0.0 0.0 0.9552268505355688 -0.2958744058141869 0.0 0.0 0.0 0.0 1.0 0.0
1.8750076293945312 2.804584503173828 0.0 -0.38527380429787783 -0.9228023058715451 0.0 0.0 0.9228023058715451 -0.38527380429787783 0.0 0.0 0.0 0.0 1.0 0.0
1.8262557983398438 2.9188613891601562 0.0 -0.4219920240506787 -0.9065995431487992 0.0 0.0 0.9065995431487992 -0.4219920240506787 0.0 0.0 0.0 0.0 1.0 0.0
1.7879219055175781 2.9966049194335938 0.0 -0.46455396805413485 -0.8855448101395877 0.0 0.0 0.8855448101395877 -0.46455396805413485 0.0 0.0 0.0 0.0 1.0 0.0
1.7241935729980469 3.1146316528320312 0.0 -0.540755724804346 -0.841179675272368 0.0 0.0 0.841179675272368 -0.540755724804346 0.0 0.0 0.0 0.0 1.0 0.0
1.6811752319335938 3.1839599609375 0.0 -0.5962490153430053 -0.8027995464015268 0.0 0.0 0.8027995464015268 -0.5962490153430053 0.0 0.0 0.0 0.0 1.0 0.0
1.6043586730957031 3.286376953125 0.0 -0.6740430891982927 -0.7386920291325895 0.0 0.0 0.7386920291325895 -0.6740430891982927 0.0 0.0 0.0 0.0 1.0 0.0
1.5489273071289062 3.3440628051757812 0.0 -0.722971121962634 -0.6908782503510226 0.0 0.0 0.6908782503510226 -0.722971121962634 0.0 0.0 0.0 0.0 1.0 0.0
1.4547500610351562 3.43865966796875 0.0 -0.7886944550803294 -0.614785374358843 0.0 0.0 0.614785374358843 -0.7886944550803294 0.0 0.0 0.0 0.0 1.0 0.0
1.380889892578125 3.4872665405273438 0.0 -0.8425041855662494 -0.5386897969178107 0.0 0.0 0.5386897969178107 -0.8425041855662494 0.0 0.0 0.0 0.0 1.0 0.0
1.2657546997070312 3.5586929321289062 0.0 -0.9089536375269673 -0.4168972113441086 0.0 0.0 0.4168972113441086 -0.9089536375269673 0.0 0.0 0.0 0.0 1.0 0.0
1.1848030090332031 3.5922622680664062 0.0 -0.935838165085064 -0.35243003386519267 0.0 0.0 0.35243003386519267 -0.935838165085064 0.0 0.0 0.0 0.0 1.0 0.0
1.0618095397949219 3.640960693359375 0.0 -0.9581215156408249 -0.2863619410224222 0.0 0.0 0.2863619410224222 -0.9581215156408249 0.0 0.0 0.0 0.0 1.0 0.0
0.9825210571289062 3.663280487060547 0.0 -0.9628709951267027 -0.2699619357311586 0.0 0.0 0.2699619357311586 -0.9628709951267027 0.0 0.0 0.0 0.0 1.0 0.0
0.8602523803710938 3.696575164794922 0.0 -0.965443623924549 -0.26061198940846014 0.0 0.0 0.26061198940846014 -0.965443623924549 0.0 0.0 0.0 0.0 1.0 0.0
0.7818374633789062 3.7153854370117188 0.0 -0.9659332669989744 -0.25879127439828614 0.0 0.0 0.25879127439828614 -0.9659332669989744 0.0 0.0 0.0 0.0 1.0 0.0
0.6670150756835938 3.7478103637695312 0.0 -0.962422610471668 -0.2715561062706944 0.0 0.0 0.2715561062706944 -0.962422610471668 0.0 0.0 0.0 0.0 1.0 0.0
0.5864181518554688 3.7713546752929688 0.0 -0.9643247030809572 -0.2647222450566344 0.0 0.0 0.2647222450566344 -0.9643247030809572 0.0 0.0 0.0 0.0 1.0 0.0
0.4886665344238281 3.800182342529297 0.0 -0.9542425542943807 -0.2990336896968889 0.0 0.0 0.2990336896968889 -0.9542425542943807 0.0 0.0 0.0 0.0 1.0 0.0
0.4356575012207031 3.81512451171875 0.0 -0.9387553321977538 -0.3445844254609968 0.0 0.0 0.3445844254609968 -0.9387553321977538 0.0 0.0 0.0 0.0 1.0 0.0
0.371063232421875 3.8403396606445312 0.0 -0.9171343090121209 -0.3985782974935539 0.0 0.0 0.3985782974935539 -0.9171343090121209 0.0 0.0 0.0 0.0 1.0 0.0
0.31140899658203125 3.868671417236328 0.0 -0.8357113297621126 -0.5491689842910301 0.0 0.0 0.5491689842910301 -0.8357113297621126 0.0 0.0 0.0 0.0 1.0 0.0
0.22707366943359375 3.9233169555664062 0.0 -0.9385483733818871 -0.34514772318851095 0.0 0.0 0.34514772318851095 -0.9385483733818871 0.0 0.0 0.0 0.0 1.0 0.0
0.14641189575195312 3.9490585327148438 0.0 -0.9936727248827939 -0.11231436161063021 0.0 0.0 0.11231436161063021 -0.9936727248827939 0.0 0.0 0.0 0.0 1.0 0.0
0.026653289794921875 3.9512252807617188 0.0 -0.989796881385892 0.14248555575483507 0.0 0.0 -0.14248555575483507 -0.989796881385892 0.0 0.0 0.0 0.0 1.0 0.0
-0.06201171875 3.9393081665039062 0.0 -0.9747759536481799 0.22318566304599777 0.0 0.0 -0.22318566304599777 -0.9747759536481799 0.0 0.0 0.0 0.0 1.0 0.0
-0.19042587280273438 3.905773162841797 0.0 -0.9586108583938442 0.28471955003023025 0.0 0.0 -0.28471955003023025 -0.9586108583938442 0.0 0.0 0.0 0.0 1.0 0.0
-0.26795196533203125 3.8834915161132812 0.0 -0.9535981248683958 0.3010824077349576 0.0 0.0 -0.3010824077349576 -0.9535981248683958 0.0 0.0 0.0 0.0 1.0 0.0
-0.38986968994140625 3.8461227416992188 0.0 -0.9645961570911601 0.2637314045102833 0.0 0.0 -0.2637314045102833 -0.9645961570911601 0.0 0.0 0.0 0.0 1.0 0.0
-0.464080810546875 3.8260574340820312 0.0 -0.9639569547404985 0.2660582443891275 0.0 0.0 -0.2660582443891275 -0.9639569547404985 0.0 0.0 0.0 0.0 1.0 0.0
-0.5899581909179688 3.7911453247070312 0.0 -0.965910992693159 0.2588743984918477 0.0 0.0 -0.2588743984918477 -0.965910992693159 0.0 0.0 0.0 0.0 1.0 0.0
-0.6679153442382812 3.77276611328125 0.0 -0.9573241462464741 0.28901639921198174 0.0 0.0 -0.28901639921198174 -0.9573241462464741 0.0 0.0 0.0 0.0 1.0 0.0
-0.7875938415527344 3.7350845336914062 0.0 -0.9425102962917218 0.3341771108021785 0.0 0.0 -0.3341771108021785 -0.9425102962917218 0.0 0.0 0.0 0.0 1.0 0.0
-0.869293212890625 3.704814910888672 0.0 -0.9262947820187517 0.3767996507493511 0.0 0.0 -0.3767996507493511 -0.9262947820187517 0.0 0.0 0.0 0.0 1.0 0.0
-0.9918365478515625 3.650562286376953 0.0 -0.8971279134413426 0.4417708760481882 0.0 0.0 -0.4417708760481882 -0.8971279134413426 0.0 0.0 0.0 0.0 1.0 0.0
-1.0699996948242188 3.6135940551757812 0.0 -0.8925783678647878 0.45089229004256826 0.0 0.0 -0.45089229004256826 -0.8925783678647878 0.0 0.0 0.0 0.0 1.0 0.0
-1.1854019165039062 3.556549072265625 0.0 -0.8844057897329645 0.4667187580190159 0.0 0.0 -0.4667187580190159 -0.8844057897329645 0.0 0.0 0.0 0.0 1.0 0.0
-1.2600746154785156 3.5132675170898438 0.0 -0.8518640743099724 0.5237629224181626 0.0 0.0 -0.5237629224181626 -0.8518640743099724 0.0 0.0 0.0 0.0 1.0 0.0
-1.3573417663574219 3.455841064453125 0.0 -0.8352871064547551 0.5498140138178031 0.0 0.0 -0.5498140138178031 -0.8352871064547551 0.0 0.0 0.0 0.0 1.0 0.0
-1.4234237670898438 3.410808563232422 0.0 -0.8096852501870209 0.5868643758395814 0.0 0.0 -0.5868643758395814 -0.8096852501870209 0.0 0.0 0.0 0.0 1.0 0.0
-1.5200996398925781 3.343292236328125 0.0 -0.7074138805652266 0.7067995483753845 0.0 0.0 -0.7067995483753845 -0.7074138805652266 0.0 0.0 0.0 0.0 1.0 0.0
-1.5790786743164062 3.285930633544922 0.0 -0.5661537884198247 0.8242996347553969 0.0 0.0 -0.8242996347553969 -0.5661537884198247 0.0 0.0 0.0 0.0 1.0 0.0
-1.6408767700195312 3.175457000732422 0.0 -0.3851840715412913 0.922839764547927 0.0 0.0 -0.922839764547927 -0.3851840715412913 -0.0 0.0 -0.0 0.0 1.0 0.0
-1.6782455444335938 3.088092803955078 0.0 -0.29683304784335407 0.9549293909541298 0.0 0.0 -0.9549293909541298 -0.29683304784335407 -0.0 0.0 -0.0 0.0 1.0 0.0
-1.7161216735839844 2.962085723876953 0.0 -0.19488602069416805 0.980825896343481 0.0 0.0 -0.980825896343481 -0.19488602069416805 -0.0 0.0 -0.0 0.0 1.0 0.0
-1.7313575744628906 2.875640869140625 0.0 -0.15427955115447078 0.9880272365150544 0.0 0.0 -0.9880272365150544 -0.15427955115447078 -0.0 0.0 -0.0 0.0 1.0 0.0
-1.7477951049804688 2.750682830810547 0.0 -0.1290091909041169 0.9916433979320718 0.0 0.0 -0.9916433979320718 -0.1290091909041169 -0.0 0.0 -0.0 0.0 1.0 0.0
-1.7553634643554688 2.67388916015625 0.0 -0.11803799929204661 0.9930090788724598 0.0 0.0 -0.9930090788724598 -0.11803799929204661 -0.0 0.0 -0.0 0.0 1.0 0.0
-1.7695541381835938 2.545989990234375 0.0 -0.1038260140378795 0.9945954749590438 0.0 0.0 -0.9945954749590438 -0.1038260140378795 -0.0 0.0 -0.0 0.0 1.0 0.0
-1.7764701843261719 2.457733154296875 0.0 -0.09392043271127393 0.9955797066630715 0.0 0.0 -0.9955797066630715 -0.09392043271127393 -0.0 0.0 -0.0 0.0 1.0 0.0
-1.789154052734375 2.3297500610351562 0.0 -0.07808126816121286 0.996946997368635 0.0 0.0 -0.996946997368635 -0.07808126816121286 -0.0 0.0 -0.0 0.0 1.0 0.0
-1.795379638671875 2.242572784423828 0.0 -0.07104946866904438 0.9974727931136002 0.0 0.0 -0.9974727931136002 -0.07104946866904438 -0.0 0.0 -0.0 0.0 1.0 0.0
-1.8030624389648438 2.1113967895507812 0.0 -0.05793810469657901 0.9983201771096126 0.0 0.0 -0.9983201771096126 -0.05793810469657901 -0.0 0.0 -0.0 0.0 1.0 0.0
-1.8066596984863281 2.025432586669922 0.0 -0.038215406240536653 0.9992695245657554 0.0 0.0 -0.9992695245657554 -0.038215406240536653 -0.0 0.0 -0.0 0.0 1.0 0.0
-1.8161697387695312 1.8897018432617188 0.0 -0.04142912803713439 0.9991414451167978 0.0 0.0 -0.9991414451167978 -0.04142912803713439 -0.0 0.0 -0.0 0.0 1.0 0.0
-1.8207969665527344 1.8084602355957031 0.0 -0.05799905877105371 0.9983166377365813 0.0 0.0 -0.9983166377365813 -0.05799905877105371 -0.0 0.0 -0.0 0.0 1.0 0.0
-1.8290786743164062 1.6819953918457031 0.0 -0.06134045359271423 0.9981169013462503 0.0 0.0 -0.9981169013462503 -0.06134045359271423 -0.0 0.0 -0.0 0.0 1.0 0.0
-1.8314247131347656 1.6058425903320312 0.0 -0.07221561096287843 0.9973890442215908 0.0 0.0 -0.9973890442215908 -0.07221561096287843 -0.0 0.0 -0.0 0.0 1.0 0.0
-1.8386917114257812 1.4894218444824219 0.0 -0.09552433472855548 0.9954270950072974 0.0 0.0 -0.9954270950072974 -0.09552433472855548 -0.0 0.0 -0.0 0.0 1.0 0.0
-1.8451004028320312 1.439605712890625 0.0 -0.08422358857470802 0.9964468812373285 0.0 0.0 -0.9964468812373285 -0.08422358857470802 -0.0 0.0 -0.0 0.0 1.0 0.0
-1.8480606079101562 1.3680343627929688 0.0 -0.04482345634429019 0.9989949237915836 0.0 0.0 -0.9989949237915836 -0.04482345634429019 -0.0 0.0 -0.0 0.0 1.0 0.0
-1.847686767578125 1.3256149291992188 0.0 -0.022553452210216873 0.9997456385468264 0.0 0.0 -0.9997456385468264 -0.022553452210216873 -0.0 0.0 -0.0 0.0 1.0 0.0
-1.8475227355957031 1.3096504211425781 0.0 -0.0804379358260181 0.9967596192061802 0.0 0.0 -0.9967596192061802 -0.0804379358260181 -0.0 0.0 -0.0 0.0 1.0 0.0
-1.8535842895507812 1.2513313293457031 0.0 -0.11807111845338136 0.9930051414706611 0.0 0.0 -0.9930051414706611 -0.11807111845338136 -0.0 0.0 -0.0 0.0 1.0 0.0
-1.8667030334472656 1.1298637390136719 0.0 0.14150450530729453 0.9899376116593097 0.0 0.0 -0.9899376116593097 0.14150450530729453 -0.0 0.0 -0.0 0.0 1.0 0.0
-1.8544807434082031 1.0442085266113281 0.0 0.29814949725897644 0.9545191864411212 0.0 0.0 -0.9545191864411212 0.29814949725897644 -0.0 0.0 -0.0 0.0 1.0 0.0
-1.8108100891113281 0.92742919921875 0.0 0.45689729848366967 0.8895194537717118 0.0 0.0 -0.8895194537717118 0.45689729848366967 -0.0 0.0 -0.0 0.0 1.0 0.0
-1.7749824523925781 0.8594436645507812 0.0 0.5262572593006571 0.8503254065552557 0.0 0.0 -0.8503254065552557 0.5262572593006571 -0.0 0.0 -0.0 0.0 1.0 0.0
-1.7044410705566406 0.7508163452148438 0.0 0.6154507183612055 0.7881753696155926 0.0 0.0 -0.7881753696155926 0.6154507183612055 -0.0 0.0 -0.0 0.0 1.0 0.0
-1.6466445922851562 0.6818733215332031 0.0 0.6790120908634991 0.7341270874046124 0.0 0.0 -0.7341270874046124 0.6790120908634991 -0.0 0.0 -0.0 0.0 1.0 0.0
-1.5554695129394531 0.586212158203125 0.0 0.7329446640834631 0.6802882619828003 0.0 0.0 -0.6802882619828003 0.7329446640834631 -0.0 0.0 -0.0 0.0 1.0 0.0
-1.4801254272460938 0.5190315246582031 0.0 0.7943917177857944 0.6074057941058307 0.0 0.0 -0.6074057941058307 0.7943917177857944 -0.0 0.0 -0.0 0.0 1.0 0.0
-1.3721542358398438 0.4362373352050781 0.0 0.8398192454633613 0.5428661298601622 0.0 0.0 -0.5428661298601622 0.8398192454633613 -0.0 0.0 -0.0 0.0 1.0 0.0
-1.2997283935546875 0.39130401611328125 0.0 0.8740762106568305 0.48578882033636406 0.0 0.0 -0.48578882033636406 0.8740762106568305 -0.0 0.0 -0.0 0.0 1.0 0.0
-1.1784172058105469 0.3221626281738281 0.0 0.9171002369269085 0.3986566886791295 0.0 0.0 -0.3986566886791295 0.9171002369269085 -0.0 0.0 -0.0 0.0 1.0 0.0
-1.1050491333007812 0.293426513671875 0.0 0.9303108980422294 0.3667719086624009 0.0 0.0 -0.3667719086624009 0.9303108980422294 -0.0 0.0 -0.0 0.0 1.0 0.0
-0.9688606262207031 0.23405075073242188 0.0 0.9474586753991721 0.3198781930842526 0.0 0.0 -0.3198781930842526 0.9474586753991721 -0.0 0.0 -0.0 0.0 1.0 0.0
-0.8894577026367188 0.21567916870117188 0.0 0.9486008152558351 0.3164751069135851 0.0 0.0 -0.3164751069135851 0.9486008152558351 -0.0 0.0 -0.0 0.0 1.0 0.0
-0.7605209350585938 0.17083740234375 0.0 0.9577176459040921 0.2877097682108202 0.0 0.0 -0.2877097682108202 0.9577176459040921 -0.0 0.0 -0.0 0.0 1.0 0.0
-0.6760330200195312 0.14943695068359375 0.0 0.9602270285326195 0.27922043921499695 0.0 0.0 -0.27922043921499695 0.9602270285326195 -0.0 0.0 -0.0 0.0 1.0 0.0
-0.5565299987792969 0.11463546752929688 0.0 0.9599968927065691 0.28001065335756803 0.0 0.0 -0.28001065335756803 0.9599968927065691 -0.0 0.0 -0.0 0.0 1.0 0.0
-0.47548675537109375 0.09064865112304688 0.0 0.9553386033026028 0.29551337201526473 0.0 0.0 -0.29551337201526473 0.9553386033026028 -0.0 0.0 -0.0 0.0 1.0 0.0
-0.36429595947265625 0.054828643798828125 0.0 0.9596318453175879 0.2812591713213296 0.0 0.0 -0.2812591713213296 0.9596318453175879 -0.0 0.0 -0.0 0.0 1.0 0.0
-0.2807350158691406 0.02967071533203125 0.0 0.9573805943256963 0.2888293572484912 0.0 0.0 -0.2888293572484912 0.9573805943256963 -0.0 0.0 -0.0 0.0 1.0 0.0
-0.18682479858398438 0.00189208984375 0.0 0.9499940251369868 0.3122680774655424 0.0 0.0 -0.3122680774655424 0.9499940251369868 -0.0 0.0 -0.0 0.0 1.0 0.0
-0.14394760131835938 -0.01351165771484375 0.0 0.9504608030807556 0.3108444334503759 0.0 0.0 -0.3108444334503759 0.9504608030807556 -0.0 0.0 -0.0 0.0 1.0 0.0
-0.08553695678710938 -0.031253814697265625 0.0 0.9694205139800344 0.2454055155751111 0.0 0.0 -0.2454055155751111 0.9694205139800344 -0.0 0.0 -0.0 0.0 1.0 0.0
-0.09354019165039062 -0.037670135498046875 0.0 0.9992741349234555 0.03809466200112067 0.0 0.0 -0.03809466200112067 0.9992741349234555 -0.0 0.0 -0.0 0.0 1.0 0.0
-0.0877838134765625 -0.039234161376953125 0.0 0.9994054127796045 0.03447928228412655 0.0 0.0 -0.03447928228412655 0.9994054127796045 -0.0 0.0 -0.0 0.0 1.0 0.0
