0.0023614235668023564 0.001595126460826441 0.0 0.9999964741427567 -0.0026555041056191913 0.0 0.0 0.0026555041056191913 0.9999964741427567 0.0 0.0 0.0 0.0 1.0 0.0
0.001641705984960918 0.0016690555676125629 0.0 0.9999949286917846 -0.003184743429629643 0.0 0.0 0.003184743429629643 0.9999949286917846 0.0 0.0 0.0 0.0 1.0 0.0
0.000342599216497286 0.0033172707178447634 0.0 0.9999962725050692 -0.0027303801873517332 0.0 0.0 0.0027303801873517332 0.9999962725050692 0.0 0.0 0.0 0.0 1.0 0.0
0.0035388290843627337 0.0020366058431473153 0.0 0.9999977593519137 -0.002116906032866624 0.0 0.0 0.002116906032866624 0.9999977593519137 0.0 0.0 0.0 0.0 1.0 0.0
-6.723223097207195e-06 0.0008549550817534413 0.0 0.9999996958195325 0.0007799748985957882 0.0 0.0 -0.0007799748985957882 0.9999996958195325 -0.0 0.0 -0.0 0.0 1.0 0.0
0.0048785726569547955 0.00023384381503588174 0.0 0.9999949790930561 -0.0031688781418965496 0.0 0.0 0.0031688781418965496 0.9999949790930561 0.0 0.0 0.0 0.0 1.0 0.0
0.005825730470765238 0.0022738719752145383 0.0 0.999994478352789 -0.0033231406731394336 0.0 0.0 0.0033231406731394336 0.999994478352789 0.0 0.0 0.0 0.0 1.0 0.0
0.002889894410112805 0.0011331375419424607 0.0 0.9999938572661721 -0.003505057763114364 0.0 0.0 0.003505057763114364 0.9999938572661721 0.0 0.0 0.0 0.0 1.0 0.0
0.0026501174656578196 0.0011169289468374946 0.0 0.999999614875157 -0.0008776386145247933 0.0 0.0 0.0008776386145247933 0.999999614875157 0.0 0.0 0.0 0.0 1.0 0.0
0.10439135787085205 0.0006823135872644456 0.0 0.9993834784214541 -0.035109301591385055 0.0 0.0 0.035109301591385055 0.9993834784214541 0.0 0.0 0.0 0.0 1.0 0.0
0.11153368386466533 -0.0026075074717136493 0.0 0.9962442309548951 -0.08658771442352345 0.0 0.0 0.08658771442352345 0.9962442309548951 0.0 0.0 0.0 0.0 1.0 0.0
0.235944250656818 0.005475542706860516 0.0 0.9898583930477876 -0.1420575999827243 0.0 0.0 0.1420575999827243 0.9898583930477876 0.0 0.0 0.0 0.0 1.0 0.0
0.23420237607526778 0.014751563880802085 0.0 0.9899520171058114 -0.1414036909989812 0.0 0.0 0.1414036909989812 0.9899520171058114 0.0 0.0 0.0 0.0 1.0 0.0
0.30108933820681766 0.041488222415679954 0.0 0.9845586872576333 -0.1750548238282108 0.0 0.0 0.1750548238282108 0.9845586872576333 0.0 0.0 0.0 0.0 1.0 0.0
0.39914807937715113 0.06082099196750302 0.0 0.9799601767668442 -0.19919350378738615 0.0 0.0 0.19919350378738615 0.9799601767668442 0.0 0.0 0.0 0.0 1.0 0.0
0.4651914777143049 0.08939011847891006 0.0 0.977166034656437 -0.2124771533925822 0.0 0.0 0.2124771533925822 0.977166034656437 0.0 0.0 0.0 0.0 1.0 0.0
0.4666161643232624 0.03665334237668535 0.0 0.9819000886765862 -0.1893996194740428 0.0 0.0 0.1893996194740428 0.9819000886765862 0.0 0.0 0.0 0.0 1.0 0.0
0.539650253414754 0.06418603216002575 0.0 0.974240210723867 -0.22551277526720143 0.0 0.0 0.22551277526720143 0.974240210723867 0.0 0.0 0.0 0.0 1.0 0.0
0.5481741282271088 0.009721413421928962 0.0 0.9819331502479391 -0.18922813861621698 0.0 0.0 0.18922813861621698 0.9819331502479391 0.0 0.0 0.0 0.0 1.0 0.0
0.7598902893607928 0.03285711204201727 0.0 0.9327502443930755 -0.3605232053344943 0.0 0.0 0.3605232053344943 0.9327502443930755 0.0 0.0 0.0 0.0 1.0 0.0
0.8352363585992362 0.06640628421540107 0.0 0.9214516192807531 -0.388493131631536 0.0 0.0 0.388493131631536 0.9214516192807531 0.0 0.0 0.0 0.0 1.0 0.0
0.8948742569081385 0.08559396790919316 0.0 0.9172135948817555 -0.3983958099228541 0.0 0.0 0.3983958099228541 0.9172135948817555 0.0 0.0 0.0 0.0 1.0 0.0
0.9831412940681388 0.1122496095926199 0.0 0.9137730618276916 -0.40622505028376316 0.0 0.0 0.40622505028376316 0.9137730618276916 0.0 0.0 0.0 0.0 1.0 0.0
1.0390547610221912 0.12333959711100011 0.0 0.8620068568240116 -0.5068966154832639 0.0 0.0 0.5068966154832639 0.8620068568240116 0.0 0.0 0.0 0.0 1.0 0.0
1.0424530594056833 0.1292023665393413 0.0 0.8551368752439912 -0.5184022806642953 0.0 0.0 0.5184022806642953 0.8551368752439912 0.0 0.0 0.0 0.0 1.0 0.0
1.0296584968177966 0.13108953131491913 0.0 0.7547873190569723 -0.6559695899893442 0.0 0.0 0.6559695899893442 0.7547873190569723 0.0 0.0 0.0 0.0 1.0 0.0
1.043017078934724 0.15416967037662502 0.0 0.6745064128693699 -0.7382689882408005 0.0 0.0 0.7382689882408005 0.6745064128693699 0.0 0.0 0.0 0.0 1.0 0.0
1.0627882526950545 0.1827435253462206 0.0 0.6295326852842638 -0.7769740009542044 0.0 0.0 0.7769740009542044 0.6295326852842638 0.0 0.0 0.0 0.0 1.0 0.0
1.1127039327295734 0.2361039310754364 0.0 0.6063607988346067 -0.7951896513641621 0.0 0.0 0.7951896513641621 0.6063607988346067 0.0 0.0 0.0 0.0 1.0 0.0
1.1806764018982467 0.33522704830344097 0.0 0.5689719121722581 -0.8223569560470954 0.0 0.0 0.8223569560470954 0.5689719121722581 0.0 0.0 0.0 0.0 1.0 0.0
1.2403215396592309 0.3406814096929866 0.0 0.5319108707395943 -0.8468003457657812 0.0 0.0 0.8468003457657812 0.5319108707395943 0.0 0.0 0.0 0.0 1.0 0.0
1.190061775724025 0.36535203482501694 0.0 0.5869206087680869 -0.8096444892687767 0.0 0.0 0.8096444892687767 0.5869206087680869 0.0 0.0 0.0 0.0 1.0 0.0
1.2357550676989126 0.43806534218984977 0.0 0.5829545542216501 -0.8125047616551163 0.0 0.0 0.8125047616551163 0.5829545542216501 0.0 0.0 0.0 0.0 1.0 0.0
1.3037367070487558 0.4564164029492144 0.0 0.5806794687848459 -0.81413227090673 0.0 0.0 0.81413227090673 0.5806794687848459 0.0 0.0 0.0 0.0 1.0 0.0
1.32294111483147 0.45761161777725334 0.0 0.6360952668753913 -0.771610530940788 0.0 0.0 0.771610530940788 0.6360952668753913 0.0 0.0 0.0 0.0 1.0 0.0
1.4184908719536726 0.6332978512541579 0.0 0.5717393915751006 -0.8204352918550822 0.0 0.0 0.8204352918550822 0.5717393915751006 0.0 0.0 0.0 0.0 1.0 0.0
1.4644653910883372 0.7035182929138821 0.0 0.5689783246560868 -0.8223525193440785 0.0 0.0 0.8223525193440785 0.5689783246560868 0.0 0.0 0.0 0.0 1.0 0.0
1.4167802174120085 0.7432749373096972 0.0 0.5764862887503313 -0.8171068221982176 0.0 0.0 0.8171068221982176 0.5764862887503313 0.0 0.0 0.0 0.0 1.0 0.0
1.4784922174861301 0.7385509955856837 0.0 0.5801891103033481 -0.8144817961657642 0.0 0.0 0.8144817961657642 0.5801891103033481 0.0 0.0 0.0 0.0 1.0 0.0
1.467872432717804 0.7829118800726498 0.0 0.5769247089516008 -0.8167973311667409 0.0 0.0 0.8167973311667409 0.5769247089516008 0.0 0.0 0.0 0.0 1.0 0.0
1.519668020528725 0.8597950828412396 0.0 0.5563031328674681 -0.8309794367863985 0.0 0.0 0.8309794367863985 0.5563031328674681 0.0 0.0 0.0 0.0 1.0 0.0
1.5830502997986047 0.8931950147512386 0.0 0.5454560634894244 -0.8381394172824836 0.0 0.0 0.8381394172824836 0.5454560634894244 0.0 0.0 0.0 0.0 1.0 0.0
1.6281781216792512 0.9493759846241085 0.0 0.5067203158016598 -0.8621105042590922 0.0 0.0 0.8621105042590922 0.5067203158016598 0.0 0.0 0.0 0.0 1.0 0.0
1.6964065064752196 0.9805037298627038 0.0 0.5114842958063572 -0.8592926248627266 0.0 0.0 0.8592926248627266 0.5114842958063572 0.0 0.0 0.0 0.0 1.0 0.0
1.7375997199843658 0.9742591084134413 0.0 0.5129001113101905 -0.8584482953667005 0.0 0.0 0.8584482953667005 0.5129001113101905 0.0 0.0 0.0 0.0 1.0 0.0
1.8490648417058222 1.0573435067323058 0.0 0.413408826704476 -0.9105455189076648 0.0 0.0 0.9105455189076648 0.413408826704476 0.0 0.0 0.0 0.0 1.0 0.0
1.887275068711959 1.1174251350853448 0.0 0.3322017453174916 -0.9432083547170331 0.0 0.0 0.9432083547170331 0.3322017453174916 0.0 0.0 0.0 0.0 1.0 0.0
1.9178669748925903 1.1890144951073167 0.0 0.21923350021999166 -0.9756724206316846 0.0 0.0 0.9756724206316846 0.21923350021999166 0.0 0.0 0.0 0.0 1.0 0.0
1.9319034275146727 1.2862180006861346 0.0 0.1804602657225396 -0.983582275407274 0.0 0.0 0.983582275407274 0.1804602657225396 0.0 0.0 0.0 0.0 1.0 0.0
1.9472890393984712 1.3289762765565498 0.0 0.13661181543387912 -0.9906246574176617 0.0 0.0 0.9906246574176617 0.13661181543387912 0.0 0.0 0.0 0.0 1.0 0.0
2.035489428259354 1.4210926119837088 0.0 0.09230766548404346 -0.9957305332733782 0.0 0.0 0.9957305332733782 0.09230766548404346 0.0 0.0 0.0 0.0 1.0 0.0
2.0606692359444145 1.4630050774569532 0.0 0.03248478326298765 -0.9994722301576754 0.0 0.0 0.9994722301576754 0.03248478326298765 0.0 0.0 0.0 0.0 1.0 0.0
2.0587913627387255 1.5517017930530324 0.0 -0.0418820705001397 -0.9991225611358306 0.0 0.0 0.9991225611358306 -0.0418820705001397 0.0 0.0 0.0 0.0 1.0 0.0
2.049000800744361 1.5949868335703736 0.0 -0.11223989357383601 -0.9936811391440084 0.0 0.0 0.9936811391440084 -0.11223989357383601 0.0 0.0 0.0 0.0 1.0 0.0
2.0368164783416 1.6993226847257834 0.0 -0.17271614366498955 -0.9849716410727236 0.0 0.0 0.9849716410727236 -0.17271614366498955 0.0 0.0 0.0 0.0 1.0 0.0
2.0345036938684027 1.8116823156148132 0.0 -0.26936250098296277 -0.9630388585432069 0.0 0.0 0.9630388585432069 -0.26936250098296277 0.0 0.0 0.0 0.0 1.0 0.0
1.9947773863077916 1.901811477498595 0.0 -0.37667503369339106 -0.9263454641720241 0.0 0.0 0.9263454641720241 -0.37667503369339106 0.0 0.0 0.0 0.0 1.0 0.0
1.9561985058371085 1.9456646651727971 0.0 -0.44029803817952673 -0.8978516790513121 0.0 0.0 0.8978516790513121 -0.44029803817952673 0.0 0.0 0.0 0.0 1.0 0.0
1.9291311991993343 2.022229356783522 0.0 -0.4927849071970658 -0.8701511565462516 0.0 0.0 0.8701511565462516 -0.4927849071970658 0.0 0.0 0.0 0.0 1.0 0.0
1.8607870988121893 2.087937107878729 0.0 -0.5011479351005268 -0.8653616279593626 0.0 0.0 0.8653616279593626 -0.5011479351005268 0.0 0.0 0.0 0.0 1.0 0.0
1.8064086643764485 2.177972492590787 0.0 -0.535937515867527 -0.8442576497051979 0.0 0.0 0.8442576497051979 -0.535937515867527 0.0 0.0 0.0 0.0 1.0 0.0
1.8071659853149087 2.2302542764990063 0.0 -0.48955128217559474 -0.8719745077238393 0.0 0.0 0.8719745077238393 -0.48955128217559474 0.0 0.0 0.0 0.0 1.0 0.0
1.7690499299004765 2.3015851546889317 0.0 -0.4803888843816557 -0.8770555967340655 0.0 0.0 0.8770555967340655 -0.4803888843816557 0.0 0.0 0.0 0.0 1.0 0.0
1.7342698387174191 2.434924701786828 0.0 -0.4885697702012828 -0.8725248303890647 0.0 0.0 0.8725248303890647 -0.4885697702012828 0.0 0.0 0.0 0.0 1.0 0.0
1.673449440277548 2.4659102164794295 0.0 -0.4791942679067056 -0.8777088660856498 0.0 0.0 0.8777088660856498 -0.4791942679067056 0.0 0.0 0.0 0.0 1.0 0.0
1.6366417741162245 2.5169621087093623 0.0 -0.4910368895869146 -0.8711387794518212 0.0 0.0 0.8711387794518212 -0.4910368895869146 0.0 0.0 0.0 0.0 1.0 0.0
1.5934694064266588 2.5871774119398845 0.0 -0.3782456864473782 -0.9257052450342667 0.0 0.0 0.9257052450342667 -0.3782456864473782 0.0 0.0 0.0 0.0 1.0 0.0
1.5761787068174367 2.6400686433555194 0.0 -0.2541627095386829 -0.9671614741499767 0.0 0.0 0.9671614741499767 -0.2541627095386829 0.0 0.0 0.0 0.0 1.0 0.0
1.5627417567754074 2.744333915078362 0.0 -0.32470927086443835 -0.9458138767298166 0.0 0.0 0.9458138767298166 -0.32470927086443835 0.0 0.0 0.0 0.0 1.0 0.0
1.507129315099589 2.734983123191259 0.0 -0.54360514553542 -0.839341078315255 0.0 0.0 0.839341078315255 -0.54360514553542 0.0 0.0 0.0 0.0 1.0 0.0
1.4346378182813693 2.862008367901507 0.0 -0.7572120635160446 -0.6531691135270968 0.0 0.0 0.6531691135270968 -0.7572120635160446 0.0 0.0 0.0 0.0 1.0 0.0
1.3215569463889811 2.9627468497979326 0.0 -0.8808900924127172 -0.47332086906147974 0.0 0.0 0.47332086906147974 -0.8808900924127172 0.0 0.0 0.0 0.0 1.0 0.0
1.3369960929926183 3.016964613356893 0.0 -0.8623826752708739 -0.5062569716978234 0.0 0.0 0.5062569716978234 -0.8623826752708739 0.0 0.0 0.0 0.0 1.0 0.0
1.2454977808462804 3.065525633859796 0.0 -0.8619670870087617 -0.5069642402710766 0.0 0.0 0.5069642402710766 -0.8619670870087617 0.0 0.0 0.0 0.0 1.0 0.0
1.1718147360198081 3.1083629119645195 0.0 -0.8517372804980601 -0.5239690878379836 0.0 0.0 0.5239690878379836 -0.8517372804980601 0.0 0.0 0.0 0.0 1.0 0.0
0.9780433084137476 3.134582773802115 0.0 -0.8922425427337419 -0.451556469266057 0.0 0.0 0.451556469266057 -0.8922425427337419 0.0 0.0 0.0 0.0 1.0 0.0
0.9546777761529815 3.174223626503871 0.0 -0.8871460017286121 -0.4614888640226735 0.0 0.0 0.4614888640226735 -0.8871460017286121 0.0 0.0 0.0 0.0 1.0 0.0
0.8469781869720863 3.225296310304989 0.0 -0.9132945976778359 -0.40729961680865934 0.0 0.0 0.40729961680865934 -0.9132945976778359 0.0 0.0 0.0 0.0 1.0 0.0
0.7702779906544226 3.2608421892290496 0.0 -0.9270400030235557 -0.3749624418446279 0.0 0.0 0.3749624418446279 -0.9270400030235557 0.0 0.0 0.0 0.0 1.0 0.0
0.6630087787546611 3.3123064460090177 0.0 -0.9481880155900262 -0.3177097529057745 0.0 0.0 0.3177097529057745 -0.9481880155900262 0.0 0.0 0.0 0.0 1.0 0.0
0.3585438477126305 3.4743071165435064 0.0 -0.9777861174258973 -0.20960512534093775 0.0 0.0 0.20960512534093775 -0.9777861174258973 0.0 0.0 0.0 0.0 1.0 0.0
0.3093454240513338 3.4318956062176227 0.0 -0.9750009783114788 -0.22220056771228042 0.0 0.0 0.22220056771228042 -0.9750009783114788 0.0 0.0 0.0 0.0 1.0 0.0
0.22130859867824937 3.448637927028048 0.0 -0.9777079789830414 -0.20996930212032713 0.0 0.0 0.20996930212032713 -0.9777079789830414 0.0 0.0 0.0 0.0 1.0 0.0
0.10104273070015801 3.4693139288870727 0.0 -0.9867103278511313 -0.16248916552162074 0.0 0.0 0.16248916552162074 -0.9867103278511313 0.0 0.0 0.0 0.0 1.0 0.0
0.030072559162350188 3.4755247247126295 0.0 -0.9904828245384487 -0.13763638434053607 0.0 0.0 0.13763638434053607 -0.9904828245384487 0.0 0.0 0.0 0.0 1.0 0.0
-0.07614584908478528 3.5591602714634076 0.0 -0.9961329435088009 -0.0878587437680066 0.0 0.0 0.0878587437680066 -0.9961329435088009 0.0 0.0 0.0 0.0 1.0 0.0
-0.23473628697737214 3.5625867095137114 0.0 -0.9999585954078749 -0.009099860982979322 0.0 0.0 0.009099860982979322 -0.9999585954078749 0.0 0.0 0.0 0.0 1.0 0.0
-0.3758599008867558 3.5558995503210395 0.0 -0.9751389056912318 0.22159448234851684 0.0 0.0 -0.22159448234851684 -0.9751389056912318 0.0 0.0 0.0 0.0 1.0 0.0
-0.4994504007954026 3.5295277319686527 0.0 -0.8969153505335654 0.4422022772185276 0.0 0.0 -0.4422022772185276 -0.8969153505335654 0.0 0.0 0.0 0.0 1.0 0.0
-0.5475220919685788 3.491706325379886 0.0 -0.8369286457519813 0.5473120151428745 0.0 0.0 -0.5473120151428745 -0.8369286457519813 0.0 0.0 0.0 0.0 1.0 0.0
-0.6394973176936405 3.4305733351225802 0.0 -0.7764965092360345 0.6301215526739686 0.0 0.0 -0.6301215526739686 -0.7764965092360345 0.0 0.0 0.0 0.0 1.0 0.0
-0.7035157083620432 3.3668099041284174 0.0 -0.7285633792597139 0.6849783955729308 0.0 0.0 -0.6849783955729308 -0.7285633792597139 -0.0 0.0 -0.0 0.0 1.0 0.0
-0.788321644886578 3.281242185388067 0.0 -0.6911751256403691 0.7226873083817238 0.0 0.0 -0.7226873083817238 -0.6911751256403691 -0.0 0.0 -0.0 0.0 1.0 0.0
-0.880750448263386 3.172734446947013 0.0 -0.68910730657915 0.7246593130701001 0.0 0.0 -0.7246593130701001 -0.68910730657915 -0.0 0.0 -0.0 0.0 1.0 0.0
-0.9333869747827547 3.103344171344776 0.0 -0.6619479326010727 0.749549821242835 0.0 0.0 -0.749549821242835 -0.6619479326010727 -0.0 0.0 -0.0 0.0 1.0 0.0
-1.0221948973402466 3.0064269794417005 0.0 -0.6572928391811628 0.7536352722379478 0.0 0.0 -0.7536352722379478 -0.6572928391811628 -0.0 0.0 -0.0 0.0 1.0 0.0
-1.0742699048241957 2.946886659125206 0.0 -0.6493078279520206 0.7605257027610763 0.0 0.0 -0.7605257027610763 -0.6493078279520206 -0.0 0.0 -0.0 0.0 1.0 0.0
-1.166563507365187 2.916447969626176 0.0 -0.6494439200126698 0.7604094914969023 0.0 0.0 -0.7604094914969023 -0.6494439200126698 -0.0 0.0 -0.0 0.0 1.0 0.0
-1.2205058312045693 2.8504666506924674 0.0 -0.6443356404163034 0.7647428211427109 0.0 0.0 -0.7647428211427109 -0.6443356404163034 -0.0 0.0 -0.0 0.0 1.0 0.0
-1.3014583112843627 2.6876383855610784 0.0 -0.6166957902271524 0.7872015639695511 0.0 0.0 -0.7872015639695511 -0.6166957902271524 -0.0 0.0 -0.0 0.0 1.0 0.0
-1.3511643644388345 2.622953905176033 0.0 -0.6227665803410138 0.7824076855516946 0.0 0.0 -0.7824076855516946 -0.6227665803410138 -0.0 0.0 -0.0 0.0 1.0 0.0
-1.4335166049169445 2.5872575372897457 0.0 -0.6245627518093284 0.7809746276623584 0.0 0.0 -0.7809746276623584 -0.6245627518093284 -0.0 0.0 -0.0 0.0 1.0 0.0
-1.4860902490450227 2.5196761460710797 0.0 -0.6259495605661642 0.7798635442351604 0.0 0.0 -0.7798635442351604 -0.6259495605661642 -0.0 0.0 -0.0 0.0 1.0 0.0
-1.5258483580574465 2.4701464887739246 0.0 -0.6353038817636354 0.7722622467893 0.0 0.0 -0.7722622467893 -0.6353038817636354 -0.0 0.0 -0.0 0.0 1.0 0.0
-1.5980590677465891 2.3826362207387586 0.0 -0.6623093521351389 0.7492304866156559 0.0 0.0 -0.7492304866156559 -0.6623093521351389 -0.0 0.0 -0.0 0.0 1.0 0.0
-1.6791151867441165 2.302425303657883 0.0 -0.6664817461614481 0.7455213491467486 0.0 0.0 -0.7455213491467486 -0.6664817461614481 -0.0 0.0 -0.0 0.0 1.0 0.0
-1.7091475074478897 2.2675041490774097 0.0 -0.6456045591693367 0.763671888430998 0.0 0.0 -0.763671888430998 -0.6456045591693367 -0.0 0.0 -0.0 0.0 1.0 0.0
-1.7518637387022837 2.2181803800593807 0.0 -0.6228513674305576 0.7823401907673445 0.0 0.0 -0.7823401907673445 -0.6228513674305576 -0.0 0.0 -0.0 0.0 1.0 0.0
-1.754969182952705 2.215141517791595 0.0 -0.6172938178461755 0.7867327007623958 0.0 0.0 -0.7867327007623958 -0.6172938178461755 -0.0 0.0 -0.0 0.0 1.0 0.0
-1.8055662907116505 2.1700694301717696 0.0 -0.6793525872141191 0.733812007427981 0.0 0.0 -0.733812007427981 -0.6793525872141191 -0.0 0.0 -0.0 0.0 1.0 0.0
-1.8375381229016143 2.059417961353238 0.0 -0.5387754715574544 0.8424493998146372 0.0 0.0 -0.8424493998146372 -0.5387754715574544 -0.0 0.0 -0.0 0.0 1.0 0.0
-1.8720077678287919 1.9445754564403703 0.0 -0.3271601823815169 0.9449688963474369 0.0 0.0 -0.9449688963474369 -0.3271601823815169 -0.0 0.0 -0.0 0.0 1.0 0.0
-1.9041015876944698 1.8677100482491875 0.0 -0.18302404746070122 0.9831084365679624 0.0 0.0 -0.9831084365679624 -0.18302404746070122 -0.0 0.0 -0.0 0.0 1.0 0.0
-1.93110791794615 1.7700975632550868 0.0 -0.11527531950067127 0.9933335797777191 0.0 0.0 -0.9933335797777191 -0.11527531950067127 -0.0 0.0 -0.0 0.0 1.0 0.0
-1.9423286658754124 1.6942179511273747 0.0 -0.005766295010764866 0.9999833747827256 0.0 0.0 -0.9999833747827256 -0.005766295010764866 -0.0 0.0 -0.0 0.0 1.0 0.0
-1.9348483481602852 1.6260579282342609 0.0 0.10024476220247136 0.9949628071696803 0.0 0.0 -0.9949628071696803 0.10024476220247136 -0.0 0.0 -0.0 0.0 1.0 0.0
-1.9107147029111686 1.507175630012877 0.0 0.16614884242375916 0.9861006856103716 0.0 0.0 -0.9861006856103716 0.16614884242375916 -0.0 0.0 -0.0 0.0 1.0 0.0
-1.8939414812597537 1.441427215337459 0.0 0.21822571161453475 0.9758983240022139 0.0 0.0 -0.9758983240022139 0.21822571161453475 -0.0 0.0 -0.0 0.0 1.0 0.0
-1.8847016725355996 1.4107056142693233 0.0 0.24698530326474344 0.9690192258006145 0.0 0.0 -0.9690192258006145 0.24698530326474344 -0.0 0.0 -0.0 0.0 1.0 0.0
-1.865353447293506 1.3170781503255369 0.0 0.2836509505770006 0.9589275980160149 0.0 0.0 -0.9589275980160149 0.2836509505770006 -0.0 0.0 -0.0 0.0 1.0 0.0
-1.8229687000109482 1.201279855140632 0.0 0.38484416591533144 0.922981564258427 0.0 0.0 -0.922981564258427 0.38484416591533144 -0.0 0.0 -0.0 0.0 1.0 0.0
-1.7849553528939974 1.0340745836934975 0.0 0.5140252459074688 0.8577750559265327 0.0 0.0 -0.8577750559265327 0.5140252459074688 -0.0 0.0 -0.0 0.0 1.0 0.0
-1.7212542126226935 0.9285119759964872 0.0 0.518683576565897 0.8549662843649505 0.0 0.0 -0.8549662843649505 0.518683576565897 -0.0 0.0 -0.0 0.0 1.0 0.0
-1.691445094469422 0.8719496717795117 0.0 0.5195754530377243 0.8544245716273867 0.0 0.0 -0.8544245716273867 0.5195754530377243 -0.0 0.0 -0.0 0.0 1.0 0.0
-1.6277370751780424 0.7686142565013734 0.0 0.5410939885262898 0.8409621249382826 0.0 0.0 -0.8409621249382826 0.5410939885262898 -0.0 0.0 -0.0 0.0 1.0 0.0
-1.5547066811174157 0.7304224511753716 0.0 0.5350331463625435 0.8448310673107359 0.0 0.0 -0.8448310673107359 0.5350331463625435 -0.0 0.0 -0.0 0.0 1.0 0.0
-1.5094781773448198 0.649009849985893 0.0 0.5428761216577394 0.8398127865982105 0.0 0.0 -0.8398127865982105 0.5428761216577394 -0.0 0.0 -0.0 0.0 1.0 0.0
-1.4378724525298474 0.551037554071325 0.0 0.5191614026814217 0.8546762182053848 0.0 0.0 -0.8546762182053848 0.5191614026814217 -0.0 0.0 -0.0 0.0 1.0 0.0
-1.396027083401506 0.4827304867579323 0.0 0.5237173181835904 0.851892112086142 0.0 0.0 -0.851892112086142 0.5237173181835904 -0.0 0.0 -0.0 0.0 1.0 0.0
-1.3342098475190067 0.3816464148670802 0.0 0.5279818587538085 0.8492556486870565 0.0 0.0 -0.8492556486870565 0.5279818587538085 -0.0 0.0 -0.0 0.0 1.0 0.0
-1.3036265802231477 0.3342278946124281 0.0 0.5069812854690426 0.8619570616824002 0.0 0.0 -0.8619570616824002 0.5069812854690426 -0.0 0.0 -0.0 0.0 1.0 0.0
-1.262139101308513 0.2710655814710059 0.0 0.5133152140322739 0.8582001462613492 0.0 0.0 -0.8582001462613492 0.5133152140322739 -0.0 0.0 -0.0 0.0 1.0 0.0
-1.2422918126766307 0.23881566181791647 0.0 0.5347143054123926 0.8450329056240015 0.0 0.0 -0.8450329056240015 0.5347143054123926 -0.0 0.0 -0.0 0.0 1.0 0.0
-1.1545208090399242 0.26568113882597716 0.0 0.777881665122907 0.6284107852874691 0.0 0.0 -0.6284107852874691 0.777881665122907 -0.0 0.0 -0.0 0.0 1.0 0.0
-1.1588628370048313 0.267838198918239 0.0 0.7755107721827454 0.6313343347454833 0.0 0.0 -0.6313343347454833 0.7755107721827454 -0.0 0.0 -0.0 0.0 1.0 0.0
