0.0028884325278766484 0.0014789582624527397 0.0 0.9999958963580189 -0.0028648328262523646 0.0 0.0 0.0028648328262523646 0.9999958963580189 0.0 0.0 0.0 0.0 1.0 0.0
0.0017834877154348444 0.0011730662165579647 0.0 0.9999978713510943 -0.0020633209348637524 0.0 0.0 0.0020633209348637524 0.9999978713510943 0.0 0.0 0.0 0.0 1.0 0.0
-0.005716877690334824 0.003024475320644315 0.0 0.9999969226471463 0.00248086602563452 0.0 0.0 -0.00248086602563452 0.9999969226471463 -0.0 0.0 -0.0 0.0 1.0 0.0
-0.004184875204520033 0.0028331383090148157 0.0 0.9999999054874438 -0.00043477017327141134 0.0 0.0 0.00043477017327141134 0.9999999054874438 0.0 0.0 0.0 0.0 1.0 0.0
-0.005309505910799953 0.0019394919855728727 0.0 0.9999999012551538 0.0004443981127607997 0.0 0.0 -0.0004443981127607997 0.9999999012551538 -0.0 0.0 -0.0 0.0 1.0 0.0
-0.00281575383702365 0.0024149028866761297 0.0 0.9999995520756145 -0.0009464927735157008 0.0 0.0 0.0009464927735157008 0.9999995520756145 0.0 0.0 0.0 0.0 1.0 0.0
-0.004490826090200625 0.0017122011200863636 0.0 0.9999987511654376 0.0015804010773401613 0.0 0.0 -0.0015804010773401613 0.9999987511654376 -0.0 0.0 -0.0 0.0 1.0 0.0
0.004068267041440912 0.0006561034352888081 0.0 0.9999863990275074 -0.00521553065361794 0.0 0.0 0.00521553065361794 0.9999863990275074 0.0 0.0 0.0 0.0 1.0 0.0
0.006228590893160919 0.00036115260012997946 0.0 0.999986271165995 -0.005239988504661359 0.0 0.0 0.005239988504661359 0.999986271165995 0.0 0.0 0.0 0.0 1.0 0.0
0.0975799569089378 -0.0007844818368640393 0.0 0.9995624716865498 -0.029578120222139556 0.0 0.0 0.029578120222139556 0.9995624716865498 0.0 0.0 0.0 0.0 1.0 0.0
0.20418805091643735 -0.0037142438016065232 0.0 0.9943261472007385 -0.10637440008261016 0.0 0.0 0.10637440008261016 0.9943261472007385 0.0 0.0 0.0 0.0 1.0 0.0
0.34189686421295074 0.01817591309167384 0.0 0.9857046311367161 -0.16848258116384163 0.0 0.0 0.16848258116384163 0.9857046311367161 0.0 0.0 0.0 0.0 1.0 0.0
0.42514022847935473 0.03232499025345323 0.0 0.9816511276855177 -0.19068577166047684 0.0 0.0 0.19068577166047684 0.9816511276855177 0.0 0.0 0.0 0.0 1.0 0.0
0.5048832811242935 0.049096512453819956 0.0 0.9748110056764145 -0.2230325160422517 0.0 0.0 0.2230325160422517 0.9748110056764145 0.0 0.0 0.0 0.0 1.0 0.0
0.5688591023154944 0.043700588433786054 0.0 0.9837928400105337 -0.17930880609721464 0.0 0.0 0.17930880609721464 0.9837928400105337 0.0 0.0 0.0 0.0 1.0 0.0
0.6520938387166546 0.0608953291909585 0.0 0.9827489690495277 -0.1849444885150418 0.0 0.0 0.1849444885150418 0.9827489690495277 0.0 0.0 0.0 0.0 1.0 0.0
0.8300130166560417 0.16285989672794812 0.0 0.9512996657002444 -0.3082676532473093 0.0 0.0 0.3082676532473093 0.9512996657002444 0.0 0.0 0.0 0.0 1.0 0.0
0.8464071706704064 0.09451770351123699 0.0 0.9726636630312813 -0.23221842867991815 0.0 0.0 0.23221842867991815 0.9726636630312813 0.0 0.0 0.0 0.0 1.0 0.0
1.0154541552084744 0.14987322358557725 0.0 0.9299973540567962 -0.36756621369129966 0.0 0.0 0.36756621369129966 0.9299973540567962 0.0 0.0 0.0 0.0 1.0 0.0
1.1569443492026945 0.2687910919688278 0.0 0.8978735041958251 -0.44025352975655924 0.0 0.0 0.44025352975655924 0.8978735041958251 0.0 0.0 0.0 0.0 1.0 0.0
1.2499409612052799 0.3147992975309327 0.0 0.8710899251024231 -0.4911235510388957 0.0 0.0 0.4911235510388957 0.8710899251024231 0.0 0.0 0.0 0.0 1.0 0.0
1.2897400665771384 0.3029630590340965 0.0 0.8639351369292843 -0.5036030968719104 0.0 0.0 0.5036030968719104 0.8639351369292843 0.0 0.0 0.0 0.0 1.0 0.0
1.349557559471051 0.3365159566252286 0.0 0.8545249742347509 -0.5194103083392727 0.0 0.0 0.5194103083392727 0.8545249742347509 0.0 0.0 0.0 0.0 1.0 0.0
1.4965584240734766 0.4835181877599209 0.0 0.7384650231406897 -0.6742917837240943 0.0 0.0 0.6742917837240943 0.7384650231406897 0.0 0.0 0.0 0.0 1.0 0.0
1.5370021884832257 0.44541988190353804 0.0 0.7229938436959384 -0.6908544723585227 0.0 0.0 0.6908544723585227 0.7229938436959384 0.0 0.0 0.0 0.0 1.0 0.0
1.572740803102128 0.49379191192825284 0.0 0.5635709006876253 -0.8260676969220735 0.0 0.0 0.8260676969220735 0.5635709006876253 0.0 0.0 0.0 0.0 1.0 0.0
1.63007984421102 0.5676989239703552 0.0 0.4652248051525484 -0.8851925669992794 0.0 0.0 0.8851925669992794 0.4652248051525484 0.0 0.0 0.0 0.0 1.0 0.0
1.7413304153892277 0.7509107352628701 0.0 0.35007535678689294 -0.9367215405714389 0.0 0.0 0.9367215405714389 0.35007535678689294 0.0 0.0 0.0 0.0 1.0 0.0
1.7604422899468122 0.8174930528842406 0.0 0.30194967665167716 -0.9533238656248715 0.0 0.0 0.9533238656248715 0.30194967665167716 0.0 0.0 0.0 0.0 1.0 0.0
1.7719255432421979 0.9664980866410291 0.0 0.1948750412687703 -0.9808280778457024 0.0 0.0 0.9808280778457024 0.1948750412687703 0.0 0.0 0.0 0.0 1.0 0.0
1.7824667063727464 1.1200417581151496 0.0 0.1713351386470976 -0.985212804557868 0.0 0.0 0.985212804557868 0.1713351386470976 0.0 0.0 0.0 0.0 1.0 0.0
1.7995217407534079 1.1703457831876183 0.0 0.1702531246431256 -0.9854003620606461 0.0 0.0 0.9854003620606461 0.1702531246431256 0.0 0.0 0.0 0.0 1.0 0.0
1.8119705273313704 1.2476448729117755 0.0 0.1820710145002008 -0.9832853836393926 0.0 0.0 0.9832853836393926 0.1820710145002008 0.0 0.0 0.0 0.0 1.0 0.0
1.805766842510927 1.3271238635478213 0.0 0.1755597798465186 -0.9844687723337098 0.0 0.0 0.9844687723337098 0.1755597798465186 0.0 0.0 0.0 0.0 1.0 0.0
1.822852863726584 1.4137315188678912 0.0 0.18584442610573415 -0.9825791821962394 0.0 0.0 0.9825791821962394 0.18584442610573415 0.0 0.0 0.0 0.0 1.0 0.0
1.847762801847701 1.533876486736176 0.0 0.15301424370320138 -0.988223983327635 0.0 0.0 0.988223983327635 0.15301424370320138 0.0 0.0 0.0 0.0 1.0 0.0
1.9377817398100847 1.6216106607678666 0.0 0.13972162447520398 -0.9901908238587196 0.0 0.0 0.9901908238587196 0.13972162447520398 0.0 0.0 0.0 0.0 1.0 0.0
1.9576367480322816 1.7526848120105984 0.0 0.10241121559466204 -0.9947421489614401 0.0 0.0 0.9947421489614401 0.10241121559466204 0.0 0.0 0.0 0.0 1.0 0.0
1.965024690771044 1.8419138320903425 0.0 0.09149842161740196 -0.9958052213367454 0.0 0.0 0.9958052213367454 0.09149842161740196 0.0 0.0 0.0 0.0 1.0 0.0
1.9795743844237768 1.9677137362887323 0.0 0.06264381694319998 -0.9980359473479835 0.0 0.0 0.9980359473479835 0.06264381694319998 0.0 0.0 0.0 0.0 1.0 0.0
1.9817147044023056 2.0555704055968604 0.0 0.03391192803064513 -0.9994248251555714 0.0 0.0 0.9994248251555714 0.03391192803064513 0.0 0.0 0.0 0.0 1.0 0.0
1.9822932684773376 2.1835357423765767 0.0 0.024590872711008682 -0.9996975987664027 0.0 0.0 0.9996975987664027 0.024590872711008682 0.0 0.0 0.0 0.0 1.0 0.0
1.9862253277004607 2.2637938343231787 0.0 -0.02656224993895351 -0.9996471611914778 0.0 0.0 0.9996471611914778 -0.02656224993895351 0.0 0.0 0.0 0.0 1.0 0.0
2.079742827817865 2.154835254765873 0.0 3.9013823792788394e-05 -0.9999999992389609 0.0 0.0 0.9999999992389609 3.9013823792788394e-05 0.0 0.0 0.0 0.0 1.0 0.0
2.076365606798943 2.23270888854653 0.0 -0.016748332618715445 -0.9998597368403694 0.0 0.0 0.9998597368403694 -0.016748332618715445 0.0 0.0 0.0 0.0 1.0 0.0
2.0748436544843276 2.319355823097321 0.0 -0.040553252250634886 -0.9991773785128928 0.0 0.0 0.9991773785128928 -0.040553252250634886 0.0 0.0 0.0 0.0 1.0 0.0
2.0818950124787006 2.3954064575368834 0.0 -0.08259783699424661 -0.9965829605827461 0.0 0.0 0.9965829605827461 -0.08259783699424661 0.0 0.0 0.0 0.0 1.0 0.0
2.065359579711759 2.479137022116787 0.0 -0.20348103478039103 -0.9790788877739631 0.0 0.0 0.9790788877739631 -0.20348103478039103 0.0 0.0 0.0 0.0 1.0 0.0
2.0496842204306476 2.5024879308440955 0.0 -0.23041856152823703 -0.9730916125952671 0.0 0.0 0.9730916125952671 -0.23041856152823703 0.0 0.0 0.0 0.0 1.0 0.0
2.089593663705511 2.7569180703725467 0.0 -0.35626473822174654 -0.9343850578320432 0.0 0.0 0.9343850578320432 -0.35626473822174654 0.0 0.0 0.0 0.0 1.0 0.0
1.9941592247074544 2.7083033855554857 0.0 -0.31336943544699714 -0.9496312952549687 0.0 0.0 0.9496312952549687 -0.31336943544699714 0.0 0.0 0.0 0.0 1.0 0.0
1.9583712662031736 2.8326141835978533 0.0 -0.4191877154292929 -0.9078995865365123 0.0 0.0 0.9078995865365123 -0.4191877154292929 0.0 0.0 0.0 0.0 1.0 0.0
1.913384846346871 2.902752568270814 0.0 -0.5056149330239077 -0.8627592592973022 0.0 0.0 0.8627592592973022 -0.5056149330239077 0.0 0.0 0.0 0.0 1.0 0.0
1.845475326501463 3.2254527744402983 0.0 -0.6643684363432736 -0.7474052319798099 0.0 0.0 0.7474052319798099 -0.6643684363432736 0.0 0.0 0.0 0.0 1.0 0.0
1.7959514495869464 3.2736489155854502 0.0 -0.691005060324652 -0.7228499198351789 0.0 0.0 0.7228499198351789 -0.691005060324652 0.0 0.0 0.0 0.0 1.0 0.0
1.7058911748378884 3.3526864045497557 0.0 -0.7933087173882678 -0.6088195782953939 0.0 0.0 0.6088195782953939 -0.7933087173882678 0.0 0.0 0.0 0.0 1.0 0.0
1.6459581987399567 3.3919609294481434 0.0 -0.8398628403190516 -0.5427986822489665 0.0 0.0 0.5427986822489665 -0.8398628403190516 0.0 0.0 0.0 0.0 1.0 0.0
1.5536124816325787 3.4549748914780167 0.0 -0.8971578921168999 -0.4417099915242594 0.0 0.0 0.4417099915242594 -0.8971578921168999 0.0 0.0 0.0 0.0 1.0 0.0
1.469055917119508 3.4863155408193975 0.0 -0.9264033377702812 -0.37653267556492626 0.0 0.0 0.37653267556492626 -0.9264033377702812 0.0 0.0 0.0 0.0 1.0 0.0
1.3444094543817189 3.5392054631711316 0.0 -0.9360531291944736 -0.35185869226897615 0.0 0.0 0.35185869226897615 -0.9360531291944736 0.0 0.0 0.0 0.0 1.0 0.0
1.2637576946800975 3.64326345792074 0.0 -0.9508309154011598 -0.3097104620728741 0.0 0.0 0.3097104620728741 -0.9508309154011598 0.0 0.0 0.0 0.0 1.0 0.0
1.147732218800234 3.683118048534624 0.0 -0.9488384036242576 -0.31576206834857534 0.0 0.0 0.31576206834857534 -0.9488384036242576 0.0 0.0 0.0 0.0 1.0 0.0
1.0625954495129553 3.706097073265222 0.0 -0.9418621828359608 -0.3359994472368653 0.0 0.0 0.3359994472368653 -0.9418621828359608 0.0 0.0 0.0 0.0 1.0 0.0
0.955422160580925 3.743004992582119 0.0 -0.9439042788536451 -0.3302191883609729 0.0 0.0 0.3302191883609729 -0.9439042788536451 0.0 0.0 0.0 0.0 1.0 0.0
0.8958817991728807 3.7581060140417777 0.0 -0.9398951218321772 -0.34146326296700885 0.0 0.0 0.34146326296700885 -0.9398951218321772 0.0 0.0 0.0 0.0 1.0 0.0
0.8109497494872935 3.788646056573228 0.0 -0.9088464191807708 -0.417130898330836 0.0 0.0 0.417130898330836 -0.9088464191807708 0.0 0.0 0.0 0.0 1.0 0.0
0.7590568055307153 3.8120700778632735 0.0 -0.8879684963887657 -0.45990428289055424 0.0 0.0 0.45990428289055424 -0.8879684963887657 0.0 0.0 0.0 0.0 1.0 0.0
0.6780779897839112 3.8692554860870763 0.0 -0.7766175025346673 -0.6299724238066424 0.0 0.0 0.6299724238066424 -0.7766175025346673 0.0 0.0 0.0 0.0 1.0 0.0
0.6420820388006641 3.907313587982266 0.0 -0.82975918577438 -0.558121576023573 0.0 0.0 0.558121576023573 -0.82975918577438 0.0 0.0 0.0 0.0 1.0 0.0
0.5348264148089641 3.9456440153549557 0.0 -0.9738458959484098 -0.22720953092781784 0.0 0.0 0.22720953092781784 -0.9738458959484098 0.0 0.0 0.0 0.0 1.0 0.0
0.4670648926618786 3.9380764828114105 0.0 -0.9985652665619431 -0.05354818779450022 0.0 0.0 0.05354818779450022 -0.9985652665619431 0.0 0.0 0.0 0.0 1.0 0.0
0.39714505397230626 3.936043658944593 0.0 -0.9994761536550765 0.032363842090415214 0.0 0.0 -0.032363842090415214 -0.9994761536550765 0.0 0.0 0.0 0.0 1.0 0.0
0.2720764806998798 3.9369520853899633 0.0 -0.9862997922239489 0.16496278325426572 0.0 0.0 -0.16496278325426572 -0.9862997922239489 0.0 0.0 0.0 0.0 1.0 0.0
-0.5087192914326513 3.653314417447206 0.0 -0.90705458942993 0.4210130304326714 0.0 0.0 -0.4210130304326714 -0.90705458942993 0.0 0.0 0.0 0.0 1.0 0.0
-0.5847522083267427 3.616096281374669 0.0 -0.9156213245585791 0.4020417764531366 0.0 0.0 -0.4020417764531366 -0.9156213245585791 0.0 0.0 0.0 0.0 1.0 0.0
-0.6757355554165029 3.5724706616882416 0.0 -0.9234992541833016 0.3836002183561499 0.0 0.0 -0.3836002183561499 -0.9234992541833016 0.0 0.0 0.0 0.0 1.0 0.0
-0.7987779353846656 3.527629128019803 0.0 -0.9327563535484478 0.36050739925139214 0.0 0.0 -0.36050739925139214 -0.9327563535484478 0.0 0.0 0.0 0.0 1.0 0.0
-0.8010512621516662 3.5011781544939913 0.0 -0.9394314943662627 0.3427367318989478 0.0 0.0 -0.3427367318989478 -0.9394314943662627 0.0 0.0 0.0 0.0 1.0 0.0
-0.910825739285182 3.4647377846432876 0.0 -0.9197496371368885 0.3925055477143754 0.0 0.0 -0.3925055477143754 -0.9197496371368885 0.0 0.0 0.0 0.0 1.0 0.0
-1.02875899040827 3.4929297213872914 0.0 -0.8958025884920926 0.44445215991247716 0.0 0.0 -0.44445215991247716 -0.8958025884920926 0.0 0.0 0.0 0.0 1.0 0.0
-1.0482179718044304 3.4527415301924034 0.0 -0.8829563352708705 0.46945512033104286 0.0 0.0 -0.46945512033104286 -0.8829563352708705 0.0 0.0 0.0 0.0 1.0 0.0
-1.180865937198956 3.387086979936148 0.0 -0.8669752544075959 0.4983511896693779 0.0 0.0 -0.4983511896693779 -0.8669752544075959 0.0 0.0 0.0 0.0 1.0 0.0
-1.191295723238417 3.3384662677627777 0.0 -0.8606607707271987 0.5091787875896496 0.0 0.0 -0.5091787875896496 -0.8606607707271987 0.0 0.0 0.0 0.0 1.0 0.0
-1.3077803855553691 3.2633268272844376 0.0 -0.8203226567937361 0.5719009868420116 0.0 0.0 -0.5719009868420116 -0.8203226567937361 0.0 0.0 0.0 0.0 1.0 0.0
-1.4341090429185448 3.197548057164832 0.0 -0.7849905607104279 0.6195077235963476 0.0 0.0 -0.6195077235963476 -0.7849905607104279 0.0 0.0 0.0 0.0 1.0 0.0
-1.4887940780679418 3.152432806461379 0.0 -0.7742862234862795 0.6328355585137072 0.0 0.0 -0.6328355585137072 -0.7742862234862795 0.0 0.0 0.0 0.0 1.0 0.0
-1.5804076549371955 3.0706362430814798 0.0 -0.7346628075534642 0.678432427878902 0.0 0.0 -0.678432427878902 -0.7346628075534642 0.0 0.0 0.0 0.0 1.0 0.0
-1.6369765257534534 3.0827085963300154 0.0 -0.5803504038994587 0.8143668759801906 0.0 0.0 -0.8143668759801906 -0.5803504038994587 0.0 0.0 0.0 0.0 1.0 0.0
-1.7500900320392483 2.952545190224292 0.0 -0.3438298487417204 0.939031967035333 0.0 0.0 -0.939031967035333 -0.3438298487417204 0.0 0.0 0.0 0.0 1.0 0.0
-1.7226522657842047 2.874053928773574 0.0 -0.2671589113647326 0.9636524871956752 0.0 0.0 -0.9636524871956752 -0.2671589113647326 -0.0 0.0 -0.0 0.0 1.0 0.0
-1.774681370896525 2.7591947549747506 0.0 -0.18057885356217063 0.9835605104141646 0.0 0.0 -0.9835605104141646 -0.18057885356217063 -0.0 0.0 -0.0 0.0 1.0 0.0
-1.7877113652532257 2.595081895673199 0.0 -0.08799791397314705 0.9961206589245973 0.0 0.0 -0.9961206589245973 -0.08799791397314705 -0.0 0.0 -0.0 0.0 1.0 0.0
-1.7923455406760218 2.4833101627060246 0.0 -0.05187771859458712 0.9986534445509216 0.0 0.0 -0.9986534445509216 -0.05187771859458712 -0.0 0.0 -0.0 0.0 1.0 0.0
-1.8000813375792786 2.359901468036799 0.0 -0.029140935470472806 0.9995753127603269 0.0 0.0 -0.9995753127603269 -0.029140935470472806 -0.0 0.0 -0.0 0.0 1.0 0.0
-1.8059944090114768 2.265767606066273 0.0 -0.016278889543059893 0.9998674900981854 0.0 0.0 -0.9998674900981854 -0.016278889543059893 -0.0 0.0 -0.0 0.0 1.0 0.0
-1.8132654321276571 2.212246790006277 0.0 -0.01744664669911078 0.9998477956764001 0.0 0.0 -0.9998477956764001 -0.01744664669911078 -0.0 0.0 -0.0 0.0 1.0 0.0
-1.815785171601057 2.132048464890133 0.0 -0.006123057862139847 0.9999812539055004 0.0 0.0 -0.9999812539055004 -0.006123057862139847 -0.0 0.0 -0.0 0.0 1.0 0.0
-1.8163504360355072 1.920621149330564 0.0 0.021112792905127242 0.9997771001457003 0.0 0.0 -0.9997771001457003 0.021112792905127242 -0.0 0.0 -0.0 0.0 1.0 0.0
-1.812938166187962 1.8365051367617968 0.0 0.02766366587746405 0.9996172875607046 0.0 0.0 -0.9996172875607046 0.02766366587746405 -0.0 0.0 -0.0 0.0 1.0 0.0
-1.8031819897977017 1.716111672760014 0.0 0.07045181588853211 0.9975151836628894 0.0 0.0 -0.9975151836628894 0.07045181588853211 -0.0 0.0 -0.0 0.0 1.0 0.0
-1.7965639044353205 1.6375937173231954 0.0 0.0610289698263774 0.9981359951639511 0.0 0.0 -0.9981359951639511 0.0610289698263774 -0.0 0.0 -0.0 0.0 1.0 0.0
-1.784905617311544 1.5168888184517735 0.0 0.051095877576760595 0.9986937525060724 0.0 0.0 -0.9986937525060724 0.051095877576760595 -0.0 0.0 -0.0 0.0 1.0 0.0
-1.7803033737227565 1.4314553290452445 0.0 0.04917017260725465 0.9987904155155738 0.0 0.0 -0.9987904155155738 0.04917017260725465 -0.0 0.0 -0.0 0.0 1.0 0.0
-1.78502518465276 1.3669649058242497 0.0 0.029197636332248256 0.999573658132611 0.0 0.0 -0.999573658132611 0.029197636332248256 -0.0 0.0 -0.0 0.0 1.0 0.0
-1.7780529021805715 1.256297432927005 0.0 3.114747840271548e-05 0.9999999995149171 0.0 0.0 -0.9999999995149171 3.114747840271548e-05 -0.0 0.0 -0.0 0.0 1.0 0.0
-1.775914299973118 1.1390512340294816 0.0 0.03543023798189915 0.999372152021731 0.0 0.0 -0.999372152021731 0.03543023798189915 -0.0 0.0 -0.0 0.0 1.0 0.0
-1.77576351614291 1.0939206223167715 0.0 0.06210812200776239 0.9980694270343464 0.0 0.0 -0.9980694270343464 0.06210812200776239 -0.0 0.0 -0.0 0.0 1.0 0.0
-1.7721867471224457 1.0514112508142113 0.0 0.05765562619495446 0.9983365308191761 0.0 0.0 -0.9983365308191761 0.05765562619495446 -0.0 0.0 -0.0 0.0 1.0 0.0
-1.7749669850433814 1.0386393527231434 0.0 0.0802812454609928 0.9967722516338583 0.0 0.0 -0.9967722516338583 0.0802812454609928 -0.0 0.0 -0.0 0.0 1.0 0.0
-1.7767217197762095 0.991880385228598 0.0 -0.0271818643514532 0.9996305048618609 0.0 0.0 -0.9996305048618609 -0.0271818643514532 -0.0 0.0 -0.0 0.0 1.0 0.0
-1.7995966268805574 0.9041443932182721 0.0 0.12153109198509982 0.9925876251902948 0.0 0.0 -0.9925876251902948 0.12153109198509982 -0.0 0.0 -0.0 0.0 1.0 0.0
-1.7824943498387258 0.8059223065084329 0.0 0.3082824638061211 0.9512948662268853 0.0 0.0 -0.9512948662268853 0.3082824638061211 -0.0 0.0 -0.0 0.0 1.0 0.0
-1.7531402494632466 0.6750719509093074 0.0 0.5237143485230562 0.8518939377358374 0.0 0.0 -0.8518939377358374 0.5237143485230562 -0.0 0.0 -0.0 0.0 1.0 0.0
-1.6817675783294592 0.6340026877427438 0.0 0.5636471629424816 0.8260156631123234 0.0 0.0 -0.8260156631123234 0.5636471629424816 -0.0 0.0 -0.0 0.0 1.0 0.0
-1.6378503212166262 0.5602728393537079 0.0 0.662480566354753 0.7490791007645892 0.0 0.0 -0.7490791007645892 0.662480566354753 -0.0 0.0 -0.0 0.0 1.0 0.0
-1.5444373784679661 0.3990215895867637 0.0 0.7431917014166407 0.6690785416865787 0.0 0.0 -0.6690785416865787 0.7431917014166407 -0.0 0.0 -0.0 0.0 1.0 0.0
-1.5049019402021948 0.4377364964073547 0.0 0.7684913570418619 0.6398601676553693 0.0 0.0 -0.6398601676553693 0.7684913570418619 -0.0 0.0 -0.0 0.0 1.0 0.0
-1.3911177659132754 0.34855209832075684 0.0 0.8199843729472243 0.5723859083890408 0.0 0.0 -0.5723859083890408 0.8199843729472243 -0.0 0.0 -0.0 0.0 1.0 0.0
-1.2959775488694407 0.2548448954293956 0.0 0.868732591520097 0.49528141942816356 0.0 0.0 -0.49528141942816356 0.868732591520097 -0.0 0.0 -0.0 0.0 1.0 0.0
-1.1997716871776072 0.20512399068266027 0.0 0.9048013388582322 0.4258339314807481 0.0 0.0 -0.4258339314807481 0.9048013388582322 -0.0 0.0 -0.0 0.0 1.0 0.0
-1.1122083054947096 0.15550764056848645 0.0 0.9244703283798753 0.3812539992514249 0.0 0.0 -0.3812539992514249 0.9244703283798753 -0.0 0.0 -0.0 0.0 1.0 0.0
-0.9946090546765262 0.10524039116541299 0.0 0.9611293082186626 0.27609862890480846 0.0 0.0 -0.27609862890480846 0.9611293082186626 -0.0 0.0 -0.0 0.0 1.0 0.0
-0.9140825538278405 0.08322116093932085 0.0 0.9675412356635671 0.2527131917621589 0.0 0.0 -0.2527131917621589 0.9675412356635671 -0.0 0.0 -0.0 0.0 1.0 0.0
-0.7787081211981619 0.04375019976827642 0.0 0.9761881504878251 0.21692555139300512 0.0 0.0 -0.21692555139300512 0.9761881504878251 -0.0 0.0 -0.0 0.0 1.0 0.0
-0.6977703233612698 0.02445056340440764 0.0 0.9802787341913777 0.19761984539046235 0.0 0.0 -0.19761984539046235 0.9802787341913777 -0.0 0.0 -0.0 0.0 1.0 0.0
-0.5827914456978036 0.000588136669079628 0.0 0.9760481961802344 0.21755440407702778 0.0 0.0 -0.21755440407702778 0.9760481961802344 -0.0 0.0 -0.0 0.0 1.0 0.0
-0.5008281635199132 -0.018230945930566553 0.0 0.977047551826139 0.21302131693928714 0.0 0.0 -0.21302131693928714 0.977047551826139 -0.0 0.0 -0.0 0.0 1.0 0.0
-0.4018102333721218 -0.034276409612371286 0.0 0.9722096353407034 0.23411199232567412 0.0 0.0 -0.23411199232567412 0.9722096353407034 -0.0 0.0 -0.0 0.0 1.0 0.0
-0.29593879651349 -0.06463174002091228 0.0 0.9696156259114572 0.244633476834903 0.0 0.0 -0.244633476834903 0.9696156259114572 -0.0 0.0 -0.0 0.0 1.0 0.0
-0.22667991892225792 -0.08041496744086968 0.0 0.9713603614722842 0.23761112802314927 0.0 0.0 -0.23761112802314927 0.9713603614722842 -0.0 0.0 -0.0 0.0 1.0 0.0
-0.12460550407144533 -0.10779543648327786 0.0 0.968666989427218 0.24836316875497058 0.0 0.0 -0.24836316875497058 0.968666989427218 -0.0 0.0 -0.0 0.0 1.0 0.0
-0.07420519670384035 -0.11977981330097591 0.0 0.9605669974513948 0.27804863496735965 0.0 0.0 -0.27804863496735965 0.9605669974513948 -0.0 0.0 -0.0 0.0 1.0 0.0
-0.009102043716848807 -0.14114989531350947 0.0 0.9730441877479552 0.23061875181763083 0.0 0.0 -0.23061875181763083 0.9730441877479552 -0.0 0.0 -0.0 0.0 1.0 0.0
0.0018794016073124808 -0.14865027724396163 0.0 0.9999674778313645 -0.008064941387236693 0.0 0.0 0.008064941387236693 0.9999674778313645 0.0 0.0 0.0 0.0 1.0 0.0
0.06794119519488923 -0.153944547164875 0.0 0.9969158563184762 -0.07847786580176157 0.0 0.0 0.07847786580176157 0.9969158563184762 0.0 0.0 0.0 0.0 1.0 0.0
