-0.0002593406356447441 -0.0001245083264873508 0.0 0.9999999910834048 0.00013354096867835855 0.0 0.0 -0.00013354096867835855 0.9999999910834048 -0.0 0.0 -0.0 0.0 1.0 0.0
-0.0001564542797498573 -0.0002531438420615373 0.0 0.999999458336112 0.0010408301891095377 0.0 0.0 -0.0010408301891095377 0.999999458336112 -0.0 0.0 -0.0 0.0 1.0 0.0
-0.00039146866944391254 5.6494878656769574e-05 0.0 0.9999998647566518 0.0005200833375316341 0.0 0.0 -0.0005200833375316341 0.9999998647566518 -0.0 0.0 -0.0 0.0 1.0 0.0
0.00432388099977856 0.0016030905356710886 0.0 0.999999800785739 0.0006312119154369668 0.0 0.0 -0.0006312119154369668 0.999999800785739 -0.0 0.0 -0.0 0.0 1.0 0.0
0.0766121653294159 0.0034310346375983716 0.0 0.9998886928414153 0.014919850129465962 0.0 0.0 -0.014919850129465962 0.9998886928414153 -0.0 0.0 -0.0 0.0 1.0 0.0
0.15079361833770855 0.005337689061938664 0.0 0.9998488174086386 0.017387993747032048 0.0 0.0 -0.017387993747032048 0.9998488174086386 -0.0 0.0 -0.0 0.0 1.0 0.0
0.22565123175538182 0.0008588651458276221 0.0 0.9992864334539964 0.0377706753287732 0.0 0.0 -0.0377706753287732 0.9992864334539964 -0.0 0.0 -0.0 0.0 1.0 0.0
0.3048515961091551 -0.0048165644872458415 0.0 0.9991045494214295 0.04230956541259146 0.0 0.0 -0.04230956541259146 0.9991045494214295 -0.0 0.0 -0.0 0.0 1.0 0.0
0.379456669422382 -0.0015542821750600066 0.0 0.9991381160183291 0.041509337736752826 0.0 0.0 -0.041509337736752826 0.9991381160183291 -0.0 0.0 -0.0 0.0 1.0 0.0
0.4721398561636922 -0.0016166820570690781 0.0 0.9989792152270052 0.045172198800112966 0.0 0.0 -0.045172198800112966 0.9989792152270052 -0.0 0.0 -0.0 0.0 1.0 0.0
0.5446234837434043 -0.00567208513792154 0.0 0.9987927585171512 0.049122556261859844 0.0 0.0 -0.049122556261859844 0.9987927585171512 -0.0 0.0 -0.0 0.0 1.0 0.0
0.6242410032733587 -0.007098980539471644 0.0 0.9992521682290904 0.0386665784555835 0.0 0.0 -0.0386665784555835 0.9992521682290904 -0.0 0.0 -0.0 0.0 1.0 0.0
0.69562532564203 -0.005803749912223894 0.0 0.9977079053760965 0.06766783246153166 0.0 0.0 -0.06766783246153166 0.9977079053760965 -0.0 0.0 -0.0 0.0 1.0 0.0
0.7803650101541528 -0.01861697470777255 0.0 0.9978631574585001 0.0653384954445127 0.0 0.0 -0.0653384954445127 0.9978631574585001 -0.0 0.0 -0.0 0.0 1.0 0.0
0.8615332215475178 -0.028649209983583928 0.0 0.996800492736104 0.0799298297324605 0.0 0.0 -0.0799298297324605 0.996800492736104 -0.0 0.0 -0.0 0.0 1.0 0.0
0.9130088061154927 -0.030227175612735347 0.0 0.9961091440447215 0.0881281632084337 0.0 0.0 -0.0881281632084337 0.9961091440447215 -0.0 0.0 -0.0 0.0 1.0 0.0
0.9913917315767049 -0.049726308432280736 0.0 0.9928007301709468 0.11977775324339175 0.0 0.0 -0.11977775324339175 0.9928007301709468 -0.0 0.0 -0.0 0.0 1.0 0.0
1.0916534921742538 -0.050695760141675546 0.0 0.9827024833353358 0.1851913314563184 0.0 0.0 -0.1851913314563184 0.9827024833353358 -0.0 0.0 -0.0 0.0 1.0 0.0
1.1643902738348697 -0.06789611168561481 0.0 0.9659403021187423 0.2587650145262162 0.0 0.0 -0.2587650145262162 0.9659403021187423 -0.0 0.0 -0.0 0.0 1.0 0.0
1.2441573408577389 -0.10629109578426404 0.0 0.9461762400540714 0.32365185424641113 0.0 0.0 -0.32365185424641113 0.9461762400540714 -0.0 0.0 -0.0 0.0 1.0 0.0
1.3165416359114535 -0.1374436068906324 0.0 0.9024432871758692 0.43080867381148635 0.0 0.0 -0.43080867381148635 0.9024432871758692 -0.0 0.0 -0.0 0.0 1.0 0.0
1.3649447397554018 -0.15738918036713065 0.0 0.8460323067931742 0.5331316308963673 0.0 0.0 -0.5331316308963673 0.8460323067931742 -0.0 0.0 -0.0 0.0 1.0 0.0
1.4292610568034665 -0.19582844567556681 0.0 0.7699734139818011 0.638075968644181 0.0 0.0 -0.638075968644181 0.7699734139818011 -0.0 0.0 -0.0 0.0 1.0 0.0
1.4540703300962292 -0.24943936994825724 0.0 0.6710872994069295 0.7413783356523942 0.0 0.0 -0.7413783356523942 0.6710872994069295 -0.0 0.0 -0.0 0.0 1.0 0.0
1.4879350441715904 -0.2956972258914615 0.0 0.5835129178642792 0.8121038570808016 0.0 0.0 -0.8121038570808016 0.5835129178642792 -0.0 0.0 -0.0 0.0 1.0 0.0
1.5179814162031593 -0.4058462864934851 0.0 0.4335453658232432 0.9011317416300405 0.0 0.0 -0.9011317416300405 0.4335453658232432 -0.0 0.0 -0.0 0.0 1.0 0.0
1.5294769323797854 -0.4624194865146155 0.0 0.3331523704707934 0.9428730020791196 0.0 0.0 -0.9428730020791196 0.3331523704707934 -0.0 0.0 -0.0 0.0 1.0 0.0
1.5479867241275251 -0.5434441891792609 0.0 0.17594913766693132 0.9843992589159459 0.0 0.0 -0.9843992589159459 0.17594913766693132 -0.0 0.0 -0.0 0.0 1.0 0.0
1.5496102507221583 -0.597133741520232 0.0 0.04249121812049672 0.999096840342635 0.0 0.0 -0.999096840342635 0.04249121812049672 -0.0 0.0 -0.0 0.0 1.0 0.0
1.547860038584021 -0.6144330506748057 0.0 -0.07204204588337326 0.997401595960693 0.0 0.0 -0.997401595960693 -0.07204204588337326 -0.0 0.0 -0.0 0.0 1.0 0.0
1.5443885171703924 -0.7130079056400523 0.0 -0.23549306244856094 0.9718760299228487 0.0 0.0 -0.9718760299228487 -0.23549306244856094 -0.0 0.0 -0.0 0.0 1.0 0.0
1.5444520371008446 -0.8088363615039087 0.0 -0.33961868853717836 0.9405632070181608 0.0 0.0 -0.9405632070181608 -0.33961868853717836 -0.0 0.0 -0.0 0.0 1.0 0.0
1.5104549296300367 -0.8687825016454711 0.0 -0.42157121967166367 0.9067952948403218 0.0 0.0 -0.9067952948403218 -0.42157121967166367 -0.0 0.0 -0.0 0.0 1.0 0.0
1.4811634183946483 -0.9293023579527746 0.0 -0.45644490733440035 0.889751676912435 0.0 0.0 -0.889751676912435 -0.45644490733440035 -0.0 0.0 -0.0 0.0 1.0 0.0
1.4474007467492027 -0.9942333263876552 0.0 -0.4837396946155603 0.8752119216813972 0.0 0.0 -0.8752119216813972 -0.4837396946155603 -0.0 0.0 -0.0 0.0 1.0 0.0
1.409602457987617 -1.0583717577188583 0.0 -0.5145737456777091 0.8574461267387079 0.0 0.0 -0.8574461267387079 -0.5145737456777091 -0.0 0.0 -0.0 0.0 1.0 0.0
1.3690284696994026 -1.1251474558627004 0.0 -0.5511217185540211 0.8344248626078097 0.0 0.0 -0.8344248626078097 -0.5511217185540211 0.0 0.0 0.0 0.0 1.0 0.0
1.3139493019072745 -1.2001860544061018 0.0 -0.578527427958567 0.8156629298304817 0.0 0.0 -0.8156629298304817 -0.578527427958567 0.0 0.0 0.0 0.0 1.0 0.0
1.268371063353084 -1.25564036651906 0.0 -0.6397790354116006 0.7685589020028345 0.0 0.0 -0.7685589020028345 -0.6397790354116006 0.0 0.0 0.0 0.0 1.0 0.0
1.2162866464997044 -1.315952988742279 0.0 -0.6898676972050246 0.723935466981027 0.0 0.0 -0.723935466981027 -0.6898676972050246 0.0 0.0 0.0 0.0 1.0 0.0
1.1679153646590956 -1.3600878856586847 0.0 -0.7327403710947324 0.680508301615751 0.0 0.0 -0.680508301615751 -0.7327403710947324 0.0 0.0 0.0 0.0 1.0 0.0
1.097725065819404 -1.414479222244037 0.0 -0.7737599922760001 0.6334788665401896 0.0 0.0 -0.6334788665401896 -0.7737599922760001 0.0 0.0 0.0 0.0 1.0 0.0
1.0398371006486915 -1.4449257576690566 0.0 -0.8188154302494934 0.5740568710374758 0.0 0.0 -0.5740568710374758 -0.8188154302494934 0.0 0.0 0.0 0.0 1.0 0.0
0.9756516266992463 -1.4828857676459535 0.0 -0.8943621701014834 0.44734361367003506 0.0 0.0 -0.44734361367003506 -0.8943621701014834 0.0 0.0 0.0 0.0 1.0 0.0
0.9075643868761162 -1.505024020971031 0.0 -0.9475351914224182 0.31965146803367234 0.0 0.0 -0.31965146803367234 -0.9475351914224182 0.0 0.0 0.0 0.0 1.0 0.0
0.8489967712689312 -1.5151463180253553 0.0 -0.9795019726827916 0.201434568807146 0.0 0.0 -0.201434568807146 -0.9795019726827916 0.0 0.0 0.0 0.0 1.0 0.0
0.7829162996427143 -1.5012125324221643 0.0 -0.9988577767513047 0.047782233345042856 0.0 0.0 -0.047782233345042856 -0.9988577767513047 0.0 0.0 0.0 0.0 1.0 0.0
0.7084583277597285 -1.5100196076610877 0.0 -0.9981195632997386 -0.06129712357311661 0.0 0.0 0.06129712357311661 -0.9981195632997386 0.0 0.0 0.0 0.0 1.0 0.0
0.6317628900100539 -1.4992820069145576 0.0 -0.9815842602815144 -0.1910296834724707 0.0 0.0 0.1910296834724707 -0.9815842602815144 0.0 0.0 0.0 0.0 1.0 0.0
0.544435505423011 -1.4846628194952893 0.0 -0.9511233420353571 -0.3088112501763713 0.0 0.0 0.3088112501763713 -0.9511233420353571 0.0 0.0 0.0 0.0 1.0 0.0
0.4788186945940664 -1.4589300572142048 0.0 -0.912467557593253 -0.4091490637161525 0.0 0.0 0.4091490637161525 -0.912467557593253 0.0 0.0 0.0 0.0 1.0 0.0
0.43309302883169526 -1.4236042000486813 0.0 -0.8622502689503979 -0.5064824515172928 0.0 0.0 0.5064824515172928 -0.8622502689503979 0.0 0.0 0.0 0.0 1.0 0.0
0.3940033338235477 -1.3924637503231578 0.0 -0.8172485988789957 -0.5762852831977566 0.0 0.0 0.5762852831977566 -0.8172485988789957 0.0 0.0 0.0 0.0 1.0 0.0
0.2914690743818318 -1.2993943722819985 0.0 -0.7349495619858226 -0.6781217747107435 0.0 0.0 0.6781217747107435 -0.7349495619858226 0.0 0.0 0.0 0.0 1.0 0.0
0.3183078120059074 -1.2504705322327307 0.0 -0.6741182874364802 -0.7386234050879423 0.0 0.0 0.7386234050879423 -0.6741182874364802 0.0 0.0 0.0 0.0 1.0 0.0
0.27256422016726284 -1.1842230961378006 0.0 -0.5812769268083977 -0.8137058033221738 0.0 0.0 0.8137058033221738 -0.5812769268083977 0.0 0.0 0.0 0.0 1.0 0.0
0.23984047891086407 -1.1262592432568361 0.0 -0.5008160010073723 -0.8655537725265734 0.0 0.0 0.8655537725265734 -0.5008160010073723 0.0 0.0 0.0 0.0 1.0 0.0
0.20988120456797058 -1.0605797032235165 0.0 -0.40525494469795653 -0.914203713511303 0.0 0.0 0.914203713511303 -0.40525494469795653 0.0 0.0 0.0 0.0 1.0 0.0
0.10351581270671567 -1.0273104117055307 0.0 -0.2898084878910556 -0.9570846568336056 0.0 0.0 0.9570846568336056 -0.2898084878910556 0.0 0.0 0.0 0.0 1.0 0.0
0.08248420635353482 -0.9600090084289645 0.0 -0.22614280227043126 -0.9740941602233724 0.0 0.0 0.9740941602233724 -0.22614280227043126 0.0 0.0 0.0 0.0 1.0 0.0
0.06893609594364306 -0.8966334309351291 0.0 -0.14473546383193692 -0.9894703863731114 0.0 0.0 0.9894703863731114 -0.14473546383193692 0.0 0.0 0.0 0.0 1.0 0.0
0.06970712742716509 -0.8215172325145976 0.0 -0.07188030784559896 -0.9974132650732206 0.0 0.0 0.9974132650732206 -0.07188030784559896 0.0 0.0 0.0 0.0 1.0 0.0
0.05920810150961074 -0.7415614229367875 0.0 0.002391177743428896 -0.999997141130413 0.0 0.0 0.999997141130413 0.002391177743428896 0.0 0.0 0.0 0.0 1.0 0.0
0.06801889272851232 -0.6724810612041163 0.0 0.08176484034247777 -0.996651649717076 0.0 0.0 0.996651649717076 0.08176484034247777 0.0 0.0 0.0 0.0 1.0 0.0
0.07559508388481087 -0.5922279353684536 0.0 0.07021584719486118 -0.9975318214486734 0.0 0.0 0.9975318214486734 0.07021584719486118 0.0 0.0 0.0 0.0 1.0 0.0
0.07117673942203807 -0.5149693748282009 0.0 -0.016296881145895226 -0.9998671970141417 0.0 0.0 0.9998671970141417 -0.016296881145895226 0.0 0.0 0.0 0.0 1.0 0.0
0.06022507203545106 -0.4471194766142333 0.0 -0.12282448062149509 -0.9924284089847792 0.0 0.0 0.9924284089847792 -0.12282448062149509 0.0 0.0 0.0 0.0 1.0 0.0
0.03914043881271351 -0.3697072927215198 0.0 -0.24734742370340723 -0.9689268558499587 0.0 0.0 0.9689268558499587 -0.24734742370340723 0.0 0.0 0.0 0.0 1.0 0.0
0.0326225777235289 -0.24957073666382357 0.0 -0.3164747093119371 -0.948600947904821 0.0 0.0 0.948600947904821 -0.3164747093119371 0.0 0.0 0.0 0.0 1.0 0.0
-0.01174178038837704 -0.18958157313828986 0.0 -0.3805210500502503 -0.9247722587040847 0.0 0.0 0.9247722587040847 -0.3805210500502503 0.0 0.0 0.0 0.0 1.0 0.0
-0.02553374949683902 -0.11692256440399218 0.0 -0.3571223216480599 -0.9340576252997986 0.0 0.0 0.9340576252997986 -0.3571223216480599 0.0 0.0 0.0 0.0 1.0 0.0
-0.04464400772662794 -0.052219838097534 0.0 -0.2826059048231482 -0.9592361036570138 0.0 0.0 0.9592361036570138 -0.2826059048231482 0.0 0.0 0.0 0.0 1.0 0.0
-0.04861973277884268 0.008344613531776127 0.0 -0.1648683025059463 -0.9863155898741576 0.0 0.0 0.9863155898741576 -0.1648683025059463 0.0 0.0 0.0 0.0 1.0 0.0
-0.04903955014530748 0.07683465244872205 0.0 -0.028454634526942524 -0.9995950849088537 0.0 0.0 0.9995950849088537 -0.028454634526942524 0.0 0.0 0.0 0.0 1.0 0.0
-0.06013157512062958 0.16110783669149734 0.0 0.124321762567706 -0.9922419560530883 0.0 0.0 0.9922419560530883 0.124321762567706 0.0 0.0 0.0 0.0 1.0 0.0
-0.04630982035995908 0.23575401094437995 0.0 0.2547410036920774 -0.9670093179685257 0.0 0.0 0.9670093179685257 0.2547410036920774 0.0 0.0 0.0 0.0 1.0 0.0
-0.017128096204673957 0.3140494909657466 0.0 0.3221234088340166 -0.9466976864243163 0.0 0.0 0.9466976864243163 0.3221234088340166 0.0 0.0 0.0 0.0 1.0 0.0
0.004131619892557271 0.3812028839260098 0.0 0.3187969737857185 -0.9478230264691125 0.0 0.0 0.9478230264691125 0.3187969737857185 0.0 0.0 0.0 0.0 1.0 0.0
0.022859863219386326 0.45605316817501823 0.0 0.23818021385174037 -0.9712209767759031 0.0 0.0 0.9712209767759031 0.23818021385174037 0.0 0.0 0.0 0.0 1.0 0.0
0.028746315754954673 0.536662180710594 0.0 0.1265341390209367 -0.9919622531438537 0.0 0.0 0.9919622531438537 0.1265341390209367 0.0 0.0 0.0 0.0 1.0 0.0
0.00982164174163928 0.6057658032182806 0.0 0.023912324672016316 -0.9997140594834006 0.0 0.0 0.9997140594834006 0.023912324672016316 0.0 0.0 0.0 0.0 1.0 0.0
-0.011306609132814206 0.6776973800140854 0.0 -0.09523294026422136 -0.9954550151004471 0.0 0.0 0.9954550151004471 -0.09523294026422136 0.0 0.0 0.0 0.0 1.0 0.0
-0.027017251705749375 0.744812665543357 0.0 -0.1375164824267996 -0.9904994785768237 0.0 0.0 0.9904994785768237 -0.1375164824267996 0.0 0.0 0.0 0.0 1.0 0.0
-0.042128214341006 0.8289995570259813 0.0 -0.1391596934142909 -0.9902699529566876 0.0 0.0 0.9902699529566876 -0.1391596934142909 0.0 0.0 0.0 0.0 1.0 0.0
-0.05518808177832067 0.9172747209584428 0.0 -0.1381950796827207 -0.9904050282341496 0.0 0.0 0.9904050282341496 -0.1381950796827207 0.0 0.0 0.0 0.0 1.0 0.0
-0.06775489790773259 0.9902354685450715 0.0 -0.15426580635140152 -0.9880293826555723 0.0 0.0 0.9880293826555723 -0.15426580635140152 0.0 0.0 0.0 0.0 1.0 0.0
-0.0824526895200968 1.077792965640593 0.0 -0.15518745484299679 -0.9878850408116083 0.0 0.0 0.9878850408116083 -0.15518745484299679 0.0 0.0 0.0 0.0 1.0 0.0
-0.09700878651468113 1.14837825226002 0.0 -0.15131287141298033 -0.9884859204585358 0.0 0.0 0.9884859204585358 -0.15131287141298033 0.0 0.0 0.0 0.0 1.0 0.0
-0.11004276413691622 1.22677008513478 0.0 -0.16642815379252052 -0.9860535835466616 0.0 0.0 0.9860535835466616 -0.16642815379252052 0.0 0.0 0.0 0.0 1.0 0.0
-0.1285297784416858 1.304771397697811 0.0 -0.2253908215508471 -0.974268431984037 0.0 0.0 0.974268431984037 -0.2253908215508471 0.0 0.0 0.0 0.0 1.0 0.0
-0.14972852897623695 1.3601445111197419 0.0 -0.31986228259433513 -0.9474640469028581 0.0 0.0 0.9474640469028581 -0.31986228259433513 0.0 0.0 0.0 0.0 1.0 0.0
-0.18246949681848262 1.433062458471046 0.0 -0.4130891276242177 -0.9106906020370822 0.0 0.0 0.9106906020370822 -0.4130891276242177 0.0 0.0 0.0 0.0 1.0 0.0
-0.21291593177680332 1.4921920506672282 0.0 -0.5312936363630019 -0.8471877430417524 0.0 0.0 0.8471877430417524 -0.5312936363630019 0.0 0.0 0.0 0.0 1.0 0.0
-0.25056427493637057 1.5276699122538127 0.0 -0.635775729665405 -0.7718738378572129 0.0 0.0 0.7718738378572129 -0.635775729665405 0.0 0.0 0.0 0.0 1.0 0.0
-0.25684975067928706 1.6436398446158365 0.0 -0.7321983456958421 -0.6810914641663572 0.0 0.0 0.6810914641663572 -0.7321983456958421 0.0 0.0 0.0 0.0 1.0 0.0
-0.3051645473219158 1.6763279244841756 0.0 -0.7993694421334225 -0.6008398247314346 0.0 0.0 0.6008398247314346 -0.7993694421334225 0.0 0.0 0.0 0.0 1.0 0.0
-0.36779005078983074 1.7213766478360313 0.0 -0.8562320428054879 -0.5165914138592906 0.0 0.0 0.5165914138592906 -0.8562320428054879 0.0 0.0 0.0 0.0 1.0 0.0
-0.42862382363898616 1.7501284789848324 0.0 -0.8854980619965171 -0.4646430696786647 0.0 0.0 0.4646430696786647 -0.8854980619965171 0.0 0.0 0.0 0.0 1.0 0.0
-0.4934791426444752 1.7809659774453699 0.0 -0.884836614096459 -0.4659014556258795 0.0 0.0 0.4659014556258795 -0.884836614096459 0.0 0.0 0.0 0.0 1.0 0.0
-0.5679730162986679 1.8200911669559388 0.0 -0.8764409340648145 -0.48150938630061635 0.0 0.0 0.48150938630061635 -0.8764409340648145 0.0 0.0 0.0 0.0 1.0 0.0
-0.6321073941687642 1.8560032260079162 0.0 -0.879047316542499 -0.4767345333405498 0.0 0.0 0.4767345333405498 -0.879047316542499 0.0 0.0 0.0 0.0 1.0 0.0
-0.7163594643610461 1.8768046367635636 0.0 -0.9070101971081888 -0.4211086585927262 0.0 0.0 0.4211086585927262 -0.9070101971081888 0.0 0.0 0.0 0.0 1.0 0.0
-0.7734296632277378 1.893911844438838 0.0 -0.9449569057644229 -0.3271948139077506 0.0 0.0 0.3271948139077506 -0.9449569057644229 0.0 0.0 0.0 0.0 1.0 0.0
-0.8724597136560021 1.895679467830555 0.0 -0.9852777109875797 -0.17096149341613737 0.0 0.0 0.17096149341613737 -0.9852777109875797 0.0 0.0 0.0 0.0 1.0 0.0
-0.9553363629914512 1.9043823444941976 0.0 -0.9997978270971171 -0.020107335275564495 0.0 0.0 0.020107335275564495 -0.9997978270971171 0.0 0.0 0.0 0.0 1.0 0.0
-0.9921787098956553 1.8861789135270683 0.0 -0.9923124098070373 0.12375815667240293 0.0 0.0 -0.12375815667240293 -0.9923124098070373 0.0 0.0 0.0 0.0 1.0 0.0
-1.0369569872504292 1.8765183699602035 0.0 -0.954971799728467 0.2966965819206096 0.0 0.0 -0.2966965819206096 -0.954971799728467 0.0 0.0 0.0 0.0 1.0 0.0
-1.0909208121875 1.8469472218971614 0.0 -0.8926010087405496 0.45084746777081236 0.0 0.0 -0.45084746777081236 -0.8926010087405496 0.0 0.0 0.0 0.0 1.0 0.0
-1.1444013068666141 1.8008410799415295 0.0 -0.7866173658128515 0.6174407824250441 0.0 0.0 -0.6174407824250441 -0.7866173658128515 0.0 0.0 0.0 0.0 1.0 0.0
-1.1829299176109398 1.7533957299034568 0.0 -0.675272337668317 0.7375684849422234 0.0 0.0 -0.7375684849422234 -0.675272337668317 0.0 0.0 0.0 0.0 1.0 0.0
-1.218264208067765 1.6934724895853062 0.0 -0.5363800820249587 0.843976544464891 0.0 0.0 -0.843976544464891 -0.5363800820249587 0.0 0.0 0.0 0.0 1.0 0.0
-1.2467018219766712 1.6200725366566193 0.0 -0.41649993576215527 0.90913574537036 0.0 0.0 -0.90913574537036 -0.41649993576215527 -0.0 0.0 -0.0 0.0 1.0 0.0
-1.2679965779434896 1.555112041789981 0.0 -0.3522973153417659 0.9358881351972489 0.0 0.0 -0.9358881351972489 -0.3522973153417659 -0.0 0.0 -0.0 0.0 1.0 0.0
-1.249819911146686 1.4431547074733972 0.0 -0.3670648005648971 0.9301953731266633 0.0 0.0 -0.9301953731266633 -0.3670648005648971 -0.0 0.0 -0.0 0.0 1.0 0.0
-1.2770404265006936 1.3784332607205156 0.0 -0.4001107070734 0.9164668145029718 0.0 0.0 -0.9164668145029718 -0.4001107070734 -0.0 0.0 -0.0 0.0 1.0 0.0
-1.3093485306459827 1.2989660333539208 0.0 -0.4364648443011485 0.8997213122346134 0.0 0.0 -0.8997213122346134 -0.4364648443011485 -0.0 0.0 -0.0 0.0 1.0 0.0
-1.3419792397119108 1.240708458599278 0.0 -0.4781644619094696 0.878270315658469 0.0 0.0 -0.878270315658469 -0.4781644619094696 -0.0 0.0 -0.0 0.0 1.0 0.0
-1.3798028241344271 1.1703343645773336 0.0 -0.4804907146802675 0.8769998136294248 0.0 0.0 -0.8769998136294248 -0.4804907146802675 -0.0 0.0 -0.0 0.0 1.0 0.0
-1.4168238980840169 1.0940546257715167 0.0 -0.4474586898026487 0.8943046018667783 0.0 0.0 -0.8943046018667783 -0.4474586898026487 -0.0 0.0 -0.0 0.0 1.0 0.0
-1.4443455939967815 1.0280336922577356 0.0 -0.4195616126234183 0.9077268604667577 0.0 0.0 -0.9077268604667577 -0.4195616126234183 -0.0 0.0 -0.0 0.0 1.0 0.0
-1.476720316966182 0.9453278450821724 0.0 -0.3833947719410067 0.9235845650769092 0.0 0.0 -0.9235845650769092 -0.3833947719410067 -0.0 0.0 -0.0 0.0 1.0 0.0
-1.5011693934920158 0.877283890384819 0.0 -0.35429973875048604 0.9351319132193797 0.0 0.0 -0.9351319132193797 -0.35429973875048604 -0.0 0.0 -0.0 0.0 1.0 0.0
-1.5263402212064048 0.7937833679775197 0.0 -0.30190228158202626 0.9533388759384394 0.0 0.0 -0.9533388759384394 -0.30190228158202626 -0.0 0.0 -0.0 0.0 1.0 0.0
-1.568320171073841 0.6930895303234563 0.0 -0.14512007937758242 0.9894140501132194 0.0 0.0 -0.9894140501132194 -0.14512007937758242 -0.0 0.0 -0.0 0.0 1.0 0.0
-1.561651447285739 0.6293171043852664 0.0 -0.019890374816061707 0.9998021669258756 0.0 0.0 -0.9998021669258756 -0.019890374816061707 -0.0 0.0 -0.0 0.0 1.0 0.0
-1.5332042313267913 0.5586303917221891 0.0 0.17074764669188225 0.9853147929211173 0.0 0.0 -0.9853147929211173 0.17074764669188225 -0.0 0.0 -0.0 0.0 1.0 0.0
-1.511142665174107 0.49921776834551884 0.0 0.3008439244618315 0.9536733891193588 0.0 0.0 -0.9536733891193588 0.3008439244618315 -0.0 0.0 -0.0 0.0 1.0 0.0
-1.4715944128552334 0.4300088823036404 0.0 0.4484316421201312 0.893817130259564 0.0 0.0 -0.893817130259564 0.4484316421201312 -0.0 0.0 -0.0 0.0 1.0 0.0
-1.436986815129091 0.38625017248809823 0.0 0.5732870134993016 0.8193546241726177 0.0 0.0 -0.8193546241726177 0.5732870134993016 -0.0 0.0 -0.0 0.0 1.0 0.0
-1.3909331953055153 0.3442246888991313 0.0 0.6923984349364896 0.7215153548591324 0.0 0.0 -0.7215153548591324 0.6923984349364896 -0.0 0.0 -0.0 0.0 1.0 0.0
-1.3383506558734357 0.30817343305579886 0.0 0.7850511658656518 0.619430921873441 0.0 0.0 -0.619430921873441 0.7850511658656518 -0.0 0.0 -0.0 0.0 1.0 0.0
-1.282381149347784 0.2751117085868377 0.0 0.8376998586511527 0.5461308879891695 0.0 0.0 -0.5461308879891695 0.8376998586511527 -0.0 0.0 -0.0 0.0 1.0 0.0
-1.2117722045672852 0.23435731856204722 0.0 0.855203519936742 0.518292330145649 0.0 0.0 -0.518292330145649 0.855203519936742 -0.0 0.0 -0.0 0.0 1.0 0.0
-1.1491841319076896 0.1993515664560807 0.0 0.8603912647428567 0.5096340565093619 0.0 0.0 -0.5096340565093619 0.8603912647428567 -0.0 0.0 -0.0 0.0 1.0 0.0
-1.1141626135554028 0.1647448782729841 0.0 0.8580829970405669 0.5135110224619122 0.0 0.0 -0.5135110224619122 0.8580829970405669 -0.0 0.0 -0.0 0.0 1.0 0.0
-1.048395451744724 0.12491206820244147 0.0 0.8403071014877358 0.5421106669207683 0.0 0.0 -0.5421106669207683 0.8403071014877358 -0.0 0.0 -0.0 0.0 1.0 0.0
-0.9987223574158544 0.07820795055179924 0.0 0.8599727742622094 0.5103399137121837 0.0 0.0 -0.5103399137121837 0.8599727742622094 -0.0 0.0 -0.0 0.0 1.0 0.0
-0.9125965340684011 0.0280688346895099 0.0 0.8684963518862543 0.4956955585440196 0.0 0.0 -0.4956955585440196 0.8684963518862543 -0.0 0.0 -0.0 0.0 1.0 0.0
-0.8519581600571516 0.0013147377095156822 0.0 0.8832309148813278 0.4689383232344022 0.0 0.0 -0.4689383232344022 0.8832309148813278 -0.0 0.0 -0.0 0.0 1.0 0.0
-0.7754084295894372 -0.029933387364985287 0.0 0.9200389899499859 0.39182682012824205 0.0 0.0 -0.39182682012824205 0.9200389899499859 -0.0 0.0 -0.0 0.0 1.0 0.0
-0.7152856219157178 -0.04814050825279244 0.0 0.9462811038563184 0.3233451290563501 0.0 0.0 -0.3233451290563501 0.9462811038563184 -0.0 0.0 -0.0 0.0 1.0 0.0
-0.646680926204176 -0.06292210535350284 0.0 0.9685526849990708 0.24880855367348356 0.0 0.0 -0.24880855367348356 0.9685526849990708 -0.0 0.0 -0.0 0.0 1.0 0.0
-0.5685489071416655 -0.07337458171957034 0.0 0.9880211641075155 0.15431843465908385 0.0 0.0 -0.15431843465908385 0.9880211641075155 -0.0 0.0 -0.0 0.0 1.0 0.0
-0.5024178146067881 -0.07631537076628084 0.0 0.9971431088717463 0.07553555738583488 0.0 0.0 -0.07553555738583488 0.9971431088717463 -0.0 0.0 -0.0 0.0 1.0 0.0
-0.42403588302542644 -0.07387041369498389 0.0 0.9999063681589385 -0.013684111779775295 0.0 0.0 0.013684111779775295 0.9999063681589385 0.0 0.0 0.0 0.0 1.0 0.0
-0.35094140579181854 -0.05770547883691622 0.0 0.9961367149987033 -0.08781597253115327 0.0 0.0 0.08781597253115327 0.9961367149987033 0.0 0.0 0.0 0.0 1.0 0.0
-0.2797681524055234 -0.04614221861312454 0.0 0.9917655976414576 -0.12806638643641985 0.0 0.0 0.12806638643641985 0.9917655976414576 0.0 0.0 0.0 0.0 1.0 0.0
-0.19842018033980643 -0.03182760458688693 0.0 0.9937682753759355 -0.11146575642922303 0.0 0.0 0.11146575642922303 0.9937682753759355 0.0 0.0 0.0 0.0 1.0 0.0
-0.1323137405447638 -0.024742866691346916 0.0 0.9973808570436445 -0.07232859740714702 0.0 0.0 0.07232859740714702 0.9973808570436445 0.0 0.0 0.0 0.0 1.0 0.0
-0.05119740838783077 -0.021662666882652098 0.0 0.999590509309546 -0.028614920902958314 0.0 0.0 0.028614920902958314 0.999590509309546 0.0 0.0 0.0 0.0 1.0 0.0
0.020806910979827044 -0.023352984597967624 0.0 0.9999074442731051 0.013605252192712577 0.0 0.0 -0.013605252192712577 0.9999074442731051 -0.0 0.0 -0.0 0.0 1.0 0.0
0.10529364431346329 -0.02764574557335645 0.0 0.997670713868787 0.06821397722274283 0.0 0.0 -0.06821397722274283 0.997670713868787 -0.0 0.0 -0.0 0.0 1.0 0.0
0.15510775170209645 -0.034407442877906466 0.0 0.9938544255481984 0.11069499003234369 0.0 0.0 -0.11069499003234369 0.9938544255481984 -0.0 0.0 -0.0 0.0 1.0 0.0
0.15687878576309 -0.03408388349434366 0.0 0.9936658682018897 0.1123750077667836 0.0 0.0 -0.1123750077667836 0.9936658682018897 -0.0 0.0 -0.0 0.0 1.0 0.0
0.15719607441297717 -0.03386336245440777 0.0 0.993694441777133 0.11212206018992021 0.0 0.0 -0.11212206018992021 0.993694441777133 -0.0 0.0 -0.0 0.0 1.0 0.0
0.15806266332338087 -0.03398559250519759 0.0 0.9935900435409921 0.11304346675597542 0.0 0.0 -0.11304346675597542 0.9935900435409921 -0.0 0.0 -0.0 0.0 1.0 0.0
0.13608328884101814 -0.029837650133252264 0.0 0.9908134772626245 0.13523554737844123 0.0 0.0 -0.13523554737844123 0.9908134772626245 -0.0 0.0 -0.0 0.0 1.0 0.0
0.13614708356476354 -0.029814028050906077 0.0 0.9908295816151705 0.13511750514387902 0.0 0.0 -0.13511750514387902 0.9908295816151705 -0.0 0.0 -0.0 0.0 1.0 0.0
0.13709071741196593 -0.02900345716989859 0.0 0.9906871222027926 0.13615809157574507 0.0 0.0 -0.13615809157574507 0.9906871222027926 -0.0 0.0 -0.0 0.0 1.0 0.0
