-0.00020559752091853234 -0.00019636744779451612 0.0 0.9999999709868914 0.00024088631431426502 0.0 0.0 -0.00024088631431426502 0.9999999709868914 -0.0 0.0 -0.0 0.0 1.0 0.0
-0.00027033545015549103 -0.00046862536976827304 0.0 0.9999993585803039 0.0011326248190595253 0.0 0.0 -0.0011326248190595253 0.9999993585803039 -0.0 0.0 -0.0 0.0 1.0 0.0
0.0005530454000104226 -0.0004150430284030779 0.0 0.9999998838168829 0.0004820437953878538 0.0 0.0 -0.0004820437953878538 0.9999998838168829 -0.0 0.0 -0.0 0.0 1.0 0.0
0.004010634999308113 0.0013434966530725013 0.0 0.9999990965205846 0.0013442313842925199 0.0 0.0 -0.0013442313842925199 0.9999990965205846 -0.0 0.0 -0.0 0.0 1.0 0.0
0.06999927244612954 0.003636793636987358 0.0 0.9999237289337555 0.012350559307718964 0.0 0.0 -0.012350559307718964 0.9999237289337555 -0.0 0.0 -0.0 0.0 1.0 0.0
0.14684632481325077 0.002156799889753572 0.0 0.9997883503959678 0.020573147851254685 0.0 0.0 -0.020573147851254685 0.9997883503959678 -0.0 0.0 -0.0 0.0 1.0 0.0
0.14808188874950318 -0.0019619872327435416 0.0 0.9995538871182084 0.02986681681867075 0.0 0.0 -0.02986681681867075 0.9995538871182084 -0.0 0.0 -0.0 0.0 1.0 0.0
0.16330872313074138 -0.001004246122051836 0.0 0.9976999956466733 0.0677843542908533 0.0 0.0 -0.0677843542908533 0.9976999956466733 -0.0 0.0 -0.0 0.0 1.0 0.0
0.3663547479428575 -0.0034559696776108395 0.0 0.9990619136623266 0.04330464951214661 0.0 0.0 -0.04330464951214661 0.9990619136623266 -0.0 0.0 -0.0 0.0 1.0 0.0
0.3713056466820222 -0.01368963045073531 0.0 0.9982277124097605 0.059509950236716194 0.0 0.0 -0.059509950236716194 0.9982277124097605 -0.0 0.0 -0.0 0.0 1.0 0.0
0.257248584002551 -0.025262310318575263 0.0 0.996968853743241 0.07780170091899134 0.0 0.0 -0.07780170091899134 0.996968853743241 -0.0 0.0 -0.0 0.0 1.0 0.0
0.3309071038103601 -0.03406937746667913 0.0 0.9968444962261936 0.07937915559859665 0.0 0.0 -0.07937915559859665 0.9968444962261936 -0.0 0.0 -0.0 0.0 1.0 0.0
0.34525637083245103 -0.04366201105605654 0.0 0.9934954078295427 0.11387218546076418 0.0 0.0 -0.11387218546076418 0.9934954078295427 -0.0 0.0 -0.0 0.0 1.0 0.0
0.41949464544835 -0.05447657855173378 0.0 0.9924457264665585 0.12268447341968293 0.0 0.0 -0.12268447341968293 0.9924457264665585 -0.0 0.0 -0.0 0.0 1.0 0.0
0.5007556965549053 -0.06414816658342162 0.0 0.9916967456977948 0.12859846255847493 0.0 0.0 -0.12859846255847493 0.9916967456977948 -0.0 0.0 -0.0 0.0 1.0 0.0
0.4971055320715493 -0.07472382058598208 0.0 0.9873895075491774 0.15830969768713773 0.0 0.0 -0.15830969768713773 0.9873895075491774 -0.0 0.0 -0.0 0.0 1.0 0.0
0.5736316270046037 -0.09024951321494948 0.0 0.9809078362481141 0.19447317755166926 0.0 0.0 -0.19447317755166926 0.9809078362481141 -0.0 0.0 -0.0 0.0 1.0 0.0
0.5655055057500272 -0.10290478957589921 0.0 0.9595056683642769 0.2816893188901959 0.0 0.0 -0.2816893188901959 0.9595056683642769 -0.0 0.0 -0.0 0.0 1.0 0.0
0.5663723356603753 -0.11845817705329195 0.0 0.9479309314099129 0.3184759791198309 0.0 0.0 -0.3184759791198309 0.9479309314099129 -0.0 0.0 -0.0 0.0 1.0 0.0
0.6305039900082143 -0.1692561316432477 0.0 0.9030043808541982 0.42963133982302343 0.0 0.0 -0.42963133982302343 0.9030043808541982 -0.0 0.0 -0.0 0.0 1.0 0.0
0.6856814254706585 -0.17733299920925114 0.0 0.8721144519065802 0.4893019341630332 0.0 0.0 -0.4893019341630332 0.8721144519065802 -0.0 0.0 -0.0 0.0 1.0 0.0
0.7335611945240189 -0.21247488886746757 0.0 0.802532354780979 0.5966085982700022 0.0 0.0 -0.5966085982700022 0.802532354780979 -0.0 0.0 -0.0 0.0 1.0 0.0
0.8451626913163175 -0.28110238752175404 0.0 0.7354847832966172 0.6775412412090708 0.0 0.0 -0.6775412412090708 0.7354847832966172 -0.0 0.0 -0.0 0.0 1.0 0.0
0.8925273948878228 -0.3346319731424262 0.0 0.6520914086541294 0.7581403529422988 0.0 0.0 -0.7581403529422988 0.6520914086541294 -0.0 0.0 -0.0 0.0 1.0 0.0
0.8456405522835575 -0.358702615851081 0.0 0.5307120768255881 0.8475521762767594 0.0 0.0 -0.8475521762767594 0.5307120768255881 -0.0 0.0 -0.0 0.0 1.0 0.0
0.9647485818790285 -0.3793493372364119 0.0 0.45389662013969434 0.8910543520042772 0.0 0.0 -0.8910543520042772 0.45389662013969434 -0.0 0.0 -0.0 0.0 1.0 0.0
0.9858552213692284 -0.42456041532452143 0.0 0.35897779509754923 0.9333461001294762 0.0 0.0 -0.9333461001294762 0.35897779509754923 -0.0 0.0 -0.0 0.0 1.0 0.0
1.0149779926743232 -0.4368853864633696 0.0 0.21261548014507115 0.9771359463261399 0.0 0.0 -0.9771359463261399 0.21261548014507115 -0.0 0.0 -0.0 0.0 1.0 0.0
0.893157116796911 -0.6018147460277633 0.0 0.02218942307534666 0.9997537844407409 0.0 0.0 -0.9997537844407409 0.02218942307534666 -0.0 0.0 -0.0 0.0 1.0 0.0
0.8888142928280035 -0.6859934324121989 0.0 -0.12718605933973093 0.9918788768340772 0.0 0.0 -0.9918788768340772 -0.12718605933973093 -0.0 0.0 -0.0 0.0 1.0 0.0
0.960185177765748 -0.911541489886997 0.0 -0.36426241566767303 0.9312963505415188 0.0 0.0 -0.9312963505415188 -0.36426241566767303 -0.0 0.0 -0.0 0.0 1.0 0.0
0.9430279094379265 -0.9553624423257704 0.0 -0.46018272952380523 0.8878242255356746 0.0 0.0 -0.8878242255356746 -0.46018272952380523 -0.0 0.0 -0.0 0.0 1.0 0.0
0.900242357701701 -1.0237656605847618 0.0 -0.5359433277691339 0.8442539602629928 0.0 0.0 -0.8442539602629928 -0.5359433277691339 -0.0 0.0 -0.0 0.0 1.0 0.0
0.8735011142471205 -1.1020852861213928 0.0 -0.5285032841104427 0.848931256748435 0.0 0.0 -0.848931256748435 -0.5285032841104427 -0.0 0.0 -0.0 0.0 1.0 0.0
0.8342599257194279 -1.162047507667209 0.0 -0.555668701910965 0.8314038090582598 0.0 0.0 -0.8314038090582598 -0.555668701910965 -0.0 0.0 -0.0 0.0 1.0 0.0
0.7964417753124213 -1.218640905566173 0.0 -0.5717579580673549 0.8204223530515544 0.0 0.0 -0.8204223530515544 -0.5717579580673549 -0.0 0.0 -0.0 0.0 1.0 0.0
0.7477315800862031 -1.2767642020806924 0.0 -0.604296625595492 0.7967594293724429 0.0 0.0 -0.7967594293724429 -0.604296625595492 0.0 0.0 0.0 0.0 1.0 0.0
0.679680391894111 -1.3508229398461085 0.0 -0.6615595644940695 0.7498926207307399 0.0 0.0 -0.7498926207307399 -0.6615595644940695 0.0 0.0 0.0 0.0 1.0 0.0
0.6271756707205696 -1.3962478618200855 0.0 -0.7078963507156537 0.7063163290222453 0.0 0.0 -0.7063163290222453 -0.7078963507156537 0.0 0.0 0.0 0.0 1.0 0.0
0.5695965405752406 -1.453176031768217 0.0 -0.7520573403372584 0.6590976838412119 0.0 0.0 -0.6590976838412119 -0.7520573403372584 0.0 0.0 0.0 0.0 1.0 0.0
0.5027766761135137 -1.50518338189056 0.0 -0.789285155824107 0.6140268257948632 0.0 0.0 -0.6140268257948632 -0.789285155824107 0.0 0.0 0.0 0.0 1.0 0.0
0.42971197794790755 -1.5653084345813761 0.0 -0.8410257459187638 0.5409950967446812 0.0 0.0 -0.5409950967446812 -0.8410257459187638 0.0 0.0 0.0 0.0 1.0 0.0
0.3653640845768707 -1.5968934712865743 0.0 -0.8834203100825218 0.46858142913873724 0.0 0.0 -0.46858142913873724 -0.8834203100825218 0.0 0.0 0.0 0.0 1.0 0.0
0.29415552477349455 -1.621543062900216 0.0 -0.938330933442981 0.34573842618954503 0.0 0.0 -0.34573842618954503 -0.938330933442981 0.0 0.0 0.0 0.0 1.0 0.0
0.202576605937635 -1.5796990539178013 0.0 -0.982354518844242 0.1870283382439627 0.0 0.0 -0.1870283382439627 -0.982354518844242 0.0 0.0 0.0 0.0 1.0 0.0
0.14690199197019016 -1.592812124942535 0.0 -0.9964939671410626 0.08366464875600531 0.0 0.0 -0.08366464875600531 -0.9964939671410626 0.0 0.0 0.0 0.0 1.0 0.0
0.05624722888280054 -1.5834546098627968 0.0 -0.9986620126676378 -0.05171251738818269 0.0 0.0 0.05171251738818269 -0.9986620126676378 0.0 0.0 0.0 0.0 1.0 0.0
-0.0014913739344797339 -1.5643459251684548 0.0 -0.9898967876046485 -0.14178980883687536 0.0 0.0 0.14178980883687536 -0.9898967876046485 0.0 0.0 0.0 0.0 1.0 0.0
-0.06815727019352802 -1.527964340503998 0.0 -0.9590446689818732 -0.2832548726808586 0.0 0.0 0.2832548726808586 -0.9590446689818732 0.0 0.0 0.0 0.0 1.0 0.0
-0.12251670124690572 -1.4939535412526357 0.0 -0.9144112980554846 -0.40478633621761956 0.0 0.0 0.40478633621761956 -0.9144112980554846 0.0 0.0 0.0 0.0 1.0 0.0
-0.17161720025319033 -1.5379094540533373 0.0 -0.8793873996912904 -0.47610692209228733 0.0 0.0 0.47610692209228733 -0.8793873996912904 0.0 0.0 0.0 0.0 1.0 0.0
-0.247961592120993 -1.4872167251526751 0.0 -0.8262562276651078 -0.5632944578500895 0.0 0.0 0.5632944578500895 -0.8262562276651078 0.0 0.0 0.0 0.0 1.0 0.0
-0.28962823791472136 -1.4395558934216108 0.0 -0.7589673862134054 -0.6511286406420714 0.0 0.0 0.6511286406420714 -0.7589673862134054 0.0 0.0 0.0 0.0 1.0 0.0
-0.334445630366833 -1.3919138902120662 0.0 -0.6772432532339718 -0.7357591833943139 0.0 0.0 0.7357591833943139 -0.6772432532339718 0.0 0.0 0.0 0.0 1.0 0.0
-0.37760594184779595 -1.33476238653376 0.0 -0.5938815277539831 -0.8045525035649291 0.0 0.0 0.8045525035649291 -0.5938815277539831 0.0 0.0 0.0 0.0 1.0 0.0
-0.4237326330328944 -1.1944144491638804 0.0 -0.4758755536642676 -0.879512624937657 0.0 0.0 0.879512624937657 -0.4758755536642676 0.0 0.0 0.0 0.0 1.0 0.0
-0.4026602288667109 -1.193198936640233 0.0 -0.45139301865718795 -0.8923252449121628 0.0 0.0 0.8923252449121628 -0.45139301865718795 0.0 0.0 0.0 0.0 1.0 0.0
-0.4192149380883307 -1.2075986522198499 0.0 -0.26986779933012217 -0.9628973833616524 0.0 0.0 0.9628973833616524 -0.26986779933012217 0.0 0.0 0.0 0.0 1.0 0.0
-0.4367242688800777 -1.1251760635002628 0.0 -0.23331621084917775 -0.9724009182199399 0.0 0.0 0.9724009182199399 -0.23331621084917775 0.0 0.0 0.0 0.0 1.0 0.0
-0.4356743385234982 -1.0554273554542626 0.0 -0.16310797847507996 -0.9866082238445882 0.0 0.0 0.9866082238445882 -0.16310797847507996 0.0 0.0 0.0 0.0 1.0 0.0
-0.4544075575660726 -0.9833479072431964 0.0 -0.14970046341116117 -0.9887313948967552 0.0 0.0 0.9887313948967552 -0.14970046341116117 0.0 0.0 0.0 0.0 1.0 0.0
-0.4562493309186269 -0.8983528690246434 0.0 -0.056938859408639075 -0.9983776671627043 0.0 0.0 0.9983776671627043 -0.056938859408639075 0.0 0.0 0.0 0.0 1.0 0.0
-0.46508663773934444 -0.8352520931280768 0.0 0.035764639940839005 -0.9993602406189181 0.0 0.0 0.9993602406189181 0.035764639940839005 0.0 0.0 0.0 0.0 1.0 0.0
-0.5195547590045554 -0.6958162628384792 0.0 0.11297320207672967 -0.9935980352298058 0.0 0.0 0.9935980352298058 0.11297320207672967 0.0 0.0 0.0 0.0 1.0 0.0
-0.5109373223842755 -0.6215710436220319 0.0 0.10301821608306483 -0.994679469555426 0.0 0.0 0.994679469555426 0.10301821608306483 0.0 0.0 0.0 0.0 1.0 0.0
-0.511438744251333 -0.5438509656900329 0.0 0.020182621321756855 -0.9997963101535143 0.0 0.0 0.9997963101535143 0.020182621321756855 0.0 0.0 0.0 0.0 1.0 0.0
-0.44724522402360456 -0.5446598219074785 0.0 -0.07603870183229167 -0.9971048670143274 0.0 0.0 0.9971048670143274 -0.07603870183229167 0.0 0.0 0.0 0.0 1.0 0.0
-0.44539432707293997 -0.4751559359823736 0.0 -0.19465376681198276 -0.9808720156401174 0.0 0.0 0.9808720156401174 -0.19465376681198276 0.0 0.0 0.0 0.0 1.0 0.0
-0.4766654043662696 -0.4009299849183273 0.0 -0.28455846501984006 -0.9586586879518448 0.0 0.0 0.9586586879518448 -0.28455846501984006 0.0 0.0 0.0 0.0 1.0 0.0
-0.4306735319493068 -0.3235472073219066 0.0 -0.3527187079397669 -0.9357294016270418 0.0 0.0 0.9357294016270418 -0.3527187079397669 0.0 0.0 0.0 0.0 1.0 0.0
-0.4404722286638936 -0.25387141602839797 0.0 -0.32758830804186956 -0.9448205652049839 0.0 0.0 0.9448205652049839 -0.32758830804186956 0.0 0.0 0.0 0.0 1.0 0.0
-0.4577896276814955 -0.19561615461514797 0.0 -0.2704112662812823 -0.9627449023849224 0.0 0.0 0.9627449023849224 -0.2704112662812823 0.0 0.0 0.0 0.0 1.0 0.0
-0.4755427378509472 -0.18282132111268737 0.0 -0.15215346752416337 -0.9883568800389733 0.0 0.0 0.9883568800389733 -0.15215346752416337 0.0 0.0 0.0 0.0 1.0 0.0
-0.49276089197077966 -0.14635259719719312 0.0 0.03678554556459168 -0.9993231827779816 0.0 0.0 0.9993231827779816 0.03678554556459168 0.0 0.0 0.0 0.0 1.0 0.0
-0.4832281149534452 -0.08007259644356543 0.0 0.16474973486964362 -0.986335401808321 0.0 0.0 0.986335401808321 0.16474973486964362 0.0 0.0 0.0 0.0 1.0 0.0
-0.4566479790720244 0.0001588614516399578 0.0 0.28707348636120933 -0.9579085621438096 0.0 0.0 0.9579085621438096 0.28707348636120933 0.0 0.0 0.0 0.0 1.0 0.0
-0.40490482158080615 0.09128809184079437 0.0 0.3073639742154062 -0.9515920277905395 0.0 0.0 0.9515920277905395 0.3073639742154062 0.0 0.0 0.0 0.0 1.0 0.0
-0.3255104970027204 0.12484056576712024 0.0 0.3320010229770515 -0.9432790259208519 0.0 0.0 0.9432790259208519 0.3320010229770515 0.0 0.0 0.0 0.0 1.0 0.0
-0.33295715055260044 0.16006509013567882 0.0 0.26185030782134044 -0.9651084997521622 0.0 0.0 0.9651084997521622 0.26185030782134044 0.0 0.0 0.0 0.0 1.0 0.0
-0.3306152125831885 0.24161801652035808 0.0 0.19138827954252224 -0.9815144046083856 0.0 0.0 0.9815144046083856 0.19138827954252224 0.0 0.0 0.0 0.0 1.0 0.0
-0.3559209127708054 0.32951475906950534 0.0 0.06093254748427113 -0.9981418860347846 0.0 0.0 0.9981418860347846 0.06093254748427113 0.0 0.0 0.0 0.0 1.0 0.0
-0.3528671801277118 0.40910628342257177 0.0 -0.00566181594122428 -0.9999839717916723 0.0 0.0 0.9999839717916723 -0.00566181594122428 0.0 0.0 0.0 0.0 1.0 0.0
-0.35077014446381605 0.49388855635235657 0.0 -0.04145652979809866 -0.9991403085338412 0.0 0.0 0.9991403085338412 -0.04145652979809866 0.0 0.0 0.0 0.0 1.0 0.0
-0.3097109085092609 0.6021540886961338 0.0 -0.035618868740882936 -0.9993654467659063 0.0 0.0 0.9993654467659063 -0.035618868740882936 0.0 0.0 0.0 0.0 1.0 0.0
-0.3123039365235089 0.6822135635414363 0.0 -0.03708845564012697 -0.99931198654786 0.0 0.0 0.99931198654786 -0.03708845564012697 0.0 0.0 0.0 0.0 1.0 0.0
-0.320251207857325 0.7730285972000529 0.0 -0.04116442501388162 -0.9991523858317493 0.0 0.0 0.9991523858317493 -0.04116442501388162 0.0 0.0 0.0 0.0 1.0 0.0
-0.324030006685273 0.8471990143694956 0.0 -0.042135826655965936 -0.9991118916878221 0.0 0.0 0.9991118916878221 -0.042135826655965936 0.0 0.0 0.0 0.0 1.0 0.0
-0.34937316576450644 0.8471482375133257 0.0 -0.07855018251639678 -0.9969101608603659 0.0 0.0 0.9969101608603659 -0.07855018251639678 0.0 0.0 0.0 0.0 1.0 0.0
-0.35558737493176035 0.9146461422620111 0.0 -0.10187542490404056 -0.9947971641498691 0.0 0.0 0.9947971641498691 -0.10187542490404056 0.0 0.0 0.0 0.0 1.0 0.0
-0.3672508503418399 0.9851215381921632 0.0 -0.15078709833352666 -0.9885662602861557 0.0 0.0 0.9885662602861557 -0.15078709833352666 0.0 0.0 0.0 0.0 1.0 0.0
-0.38404538027678614 1.0707082994422112 0.0 -0.2816644647392539 -0.9595129646352625 0.0 0.0 0.9595129646352625 -0.2816644647392539 0.0 0.0 0.0 0.0 1.0 0.0
-0.39557527520224134 1.1268492527468486 0.0 -0.36395889617444643 -0.9314150105594597 0.0 0.0 0.9314150105594597 -0.36395889617444643 0.0 0.0 0.0 0.0 1.0 0.0
-0.4344233480858709 1.2723006591853898 0.0 -0.45021041999349 -0.8929224925654442 0.0 0.0 0.8929224925654442 -0.45021041999349 0.0 0.0 0.0 0.0 1.0 0.0
-0.46926667993631377 1.3064620608672142 0.0 -0.5385767095781566 -0.8425764819290688 0.0 0.0 0.8425764819290688 -0.5385767095781566 0.0 0.0 0.0 0.0 1.0 0.0
-0.522801256062219 1.3667989883596774 0.0 -0.6527316646238623 -0.7575891855071342 0.0 0.0 0.7575891855071342 -0.6527316646238623 0.0 0.0 0.0 0.0 1.0 0.0
-0.5669939624678548 1.4042601114480795 0.0 -0.7283690745549258 -0.6851850051132183 0.0 0.0 0.6851850051132183 -0.7283690745549258 0.0 0.0 0.0 0.0 1.0 0.0
-0.6259492967170341 1.4450652845330132 0.0 -0.802483852825356 -0.5966738354868374 0.0 0.0 0.5966738354868374 -0.802483852825356 0.0 0.0 0.0 0.0 1.0 0.0
-0.6902178224992114 1.492940238252105 0.0 -0.8490151593273314 -0.5283684881144841 0.0 0.0 0.5283684881144841 -0.8490151593273314 0.0 0.0 0.0 0.0 1.0 0.0
-0.7583532865256923 1.5050519110360114 0.0 -0.8495084177994103 -0.5275750639368227 0.0 0.0 0.5275750639368227 -0.8495084177994103 0.0 0.0 0.0 0.0 1.0 0.0
-0.8311417840388053 1.5537838299346332 0.0 -0.8369786685830984 -0.5472355145061996 0.0 0.0 0.5472355145061996 -0.8369786685830984 0.0 0.0 0.0 0.0 1.0 0.0
-0.8899303925385377 1.5942080184062584 0.0 -0.8381595017828962 -0.545425200711378 0.0 0.0 0.545425200711378 -0.8381595017828962 0.0 0.0 0.0 0.0 1.0 0.0
-0.9587368615115808 1.6386390696414355 0.0 -0.8582746186725325 -0.5131906847776163 0.0 0.0 0.5131906847776163 -0.8582746186725325 0.0 0.0 0.0 0.0 1.0 0.0
-1.049204326846911 1.6703071934771172 0.0 -0.9343144590664163 -0.3564498444093218 0.0 0.0 0.3564498444093218 -0.9343144590664163 0.0 0.0 0.0 0.0 1.0 0.0
-1.1225771166182463 1.7011818796313165 0.0 -0.9665718359912159 -0.2563959552500215 0.0 0.0 0.2563959552500215 -0.9665718359912159 0.0 0.0 0.0 0.0 1.0 0.0
-1.1960820295336405 1.7107692926450202 0.0 -0.9964771348058645 -0.08386489020499255 0.0 0.0 0.08386489020499255 -0.9964771348058645 0.0 0.0 0.0 0.0 1.0 0.0
-1.2524302092701711 1.7047894967515562 0.0 -0.9980209436943168 0.06288239775569654 0.0 0.0 -0.06288239775569654 -0.9980209436943168 0.0 0.0 0.0 0.0 1.0 0.0
-1.3150430603748144 1.6863469256871007 0.0 -0.9726190615816368 0.23240516570863187 0.0 0.0 -0.23240516570863187 -0.9726190615816368 0.0 0.0 0.0 0.0 1.0 0.0
-1.3957511053151812 1.6629634426513404 0.0 -0.9099609771468855 0.4146938871865425 0.0 0.0 -0.4146938871865425 -0.9099609771468855 0.0 0.0 0.0 0.0 1.0 0.0
-1.3999069076632762 1.5489094163062327 0.0 -0.8340329446378976 0.551714642961956 0.0 0.0 -0.551714642961956 -0.8340329446378976 0.0 0.0 0.0 0.0 1.0 0.0
-1.4536353511318123 1.4922823623791261 0.0 -0.7085559710759228 0.7056546151288579 0.0 0.0 -0.7056546151288579 -0.7085559710759228 0.0 0.0 0.0 0.0 1.0 0.0
-1.4812744694916575 1.4425720136390305 0.0 -0.551680952097277 0.8340552302414042 0.0 0.0 -0.8340552302414042 -0.551680952097277 0.0 0.0 0.0 0.0 1.0 0.0
-1.5035323667010532 1.3800136857416008 0.0 -0.48294883497764407 0.8756485726555702 0.0 0.0 -0.8756485726555702 -0.48294883497764407 -0.0 0.0 -0.0 0.0 1.0 0.0
-1.5028236616231772 1.3223632815303903 0.0 -0.3763275869123168 0.9264866687269454 0.0 0.0 -0.9264866687269454 -0.3763275869123168 -0.0 0.0 -0.0 0.0 1.0 0.0
-1.5249961646498449 1.255871749188572 0.0 -0.3628175802666824 0.9318601844962743 0.0 0.0 -0.9318601844962743 -0.3628175802666824 -0.0 0.0 -0.0 0.0 1.0 0.0
-1.5451220704060529 1.1853684959891306 0.0 -0.40165717295686476 0.9157901044520517 0.0 0.0 -0.9157901044520517 -0.40165717295686476 -0.0 0.0 -0.0 0.0 1.0 0.0
-1.5752963632131594 1.120803624296992 0.0 -0.4335683977243505 0.9011206603417434 0.0 0.0 -0.9011206603417434 -0.4335683977243505 -0.0 0.0 -0.0 0.0 1.0 0.0
-1.6147480765407667 1.0496604380973784 0.0 -0.4694633445259935 0.8829519625361665 0.0 0.0 -0.8829519625361665 -0.4694633445259935 -0.0 0.0 -0.0 0.0 1.0 0.0
-1.6546874025522835 0.9731069445946607 0.0 -0.4695265569731679 0.882918349733951 0.0 0.0 -0.882918349733951 -0.4695265569731679 -0.0 0.0 -0.0 0.0 1.0 0.0
-1.645171691291516 1.16893677247664 0.0 -0.4070711208404958 0.9133964651659554 0.0 0.0 -0.9133964651659554 -0.4070711208404958 -0.0 0.0 -0.0 0.0 1.0 0.0
-1.665667706770531 1.1085197008584577 0.0 -0.38877701559198474 0.9213318794806733 0.0 0.0 -0.9213318794806733 -0.38877701559198474 -0.0 0.0 -0.0 0.0 1.0 0.0
-1.6900177261545224 1.030763497380787 0.0 -0.33850486545166847 0.9409646412408637 0.0 0.0 -0.9409646412408637 -0.33850486545166847 -0.0 0.0 -0.0 0.0 1.0 0.0
-1.718121411397639 0.9483663536962633 0.0 -0.28880587451716666 0.9573876784481692 0.0 0.0 -0.9573876784481692 -0.28880587451716666 -0.0 0.0 -0.0 0.0 1.0 0.0
-1.7379655063935282 0.8813227821434146 0.0 -0.24798925764519697 0.9687627821570067 0.0 0.0 -0.9687627821570067 -0.24798925764519697 -0.0 0.0 -0.0 0.0 1.0 0.0
-1.7513427326205209 0.8094305094227632 0.0 -0.17900121813969938 0.9838488521640424 0.0 0.0 -0.9838488521640424 -0.17900121813969938 -0.0 0.0 -0.0 0.0 1.0 0.0
-1.7525584499219449 0.742780232312213 0.0 0.036640104792506456 0.9993285259216783 0.0 0.0 -0.9993285259216783 0.036640104792506456 -0.0 0.0 -0.0 0.0 1.0 0.0
-1.7285877162118493 0.6837819735146845 0.0 0.165211216738273 0.9862582085153256 0.0 0.0 -0.9862582085153256 0.165211216738273 -0.0 0.0 -0.0 0.0 1.0 0.0
-1.70368118381833 0.6175512541063127 0.0 0.32034941116799087 0.9472994535859935 0.0 0.0 -0.9472994535859935 0.32034941116799087 -0.0 0.0 -0.0 0.0 1.0 0.0
-1.6726658051914454 0.5668283526613063 0.0 0.45125554218567143 0.8923947756720205 0.0 0.0 -0.8923947756720205 0.45125554218567143 -0.0 0.0 -0.0 0.0 1.0 0.0
-1.6332267237146043 0.5191709273063609 0.0 0.5878599336882258 0.8089627298980312 0.0 0.0 -0.8089627298980312 0.5878599336882258 -0.0 0.0 -0.0 0.0 1.0 0.0
-1.4861125961840016 0.4039496254108994 0.0 0.7071181217804459 0.7070954404107657 0.0 0.0 -0.7070954404107657 0.7071181217804459 -0.0 0.0 -0.0 0.0 1.0 0.0
-1.6169394754747557 0.3397101571354876 0.0 0.6661671642630825 0.7458024599434379 0.0 0.0 -0.7458024599434379 0.6661671642630825 -0.0 0.0 -0.0 0.0 1.0 0.0
-1.573355562120883 0.2945770299461252 0.0 0.7491400351810504 0.662411660290589 0.0 0.0 -0.662411660290589 0.7491400351810504 -0.0 0.0 -0.0 0.0 1.0 0.0
-1.593722115898972 0.32464198649328496 0.0 0.7509428047320887 0.6603672493553145 0.0 0.0 -0.6603672493553145 0.7509428047320887 -0.0 0.0 -0.0 0.0 1.0 0.0
-1.5301942354094595 0.2721823964808341 0.0 0.7562015949055436 0.6543387103498556 0.0 0.0 -0.6543387103498556 0.7562015949055436 -0.0 0.0 -0.0 0.0 1.0 0.0
-1.5524786639079604 0.3084969071385319 0.0 0.7703585515741904 0.6376109331061658 0.0 0.0 -0.6376109331061658 0.7703585515741904 -0.0 0.0 -0.0 0.0 1.0 0.0
-1.4866247313173704 0.25700829520454316 0.0 0.7725344681661513 0.6349728305173709 0.0 0.0 -0.6349728305173709 0.7725344681661513 -0.0 0.0 -0.0 0.0 1.0 0.0
-1.4198868562530957 0.20542478066355785 0.0 0.7740862748498359 0.6330801205922552 0.0 0.0 -0.6330801205922552 0.7740862748498359 -0.0 0.0 -0.0 0.0 1.0 0.0
-1.3608863093452739 0.15888939789958395 0.0 0.7809355518020118 0.6246116104682071 0.0 0.0 -0.6246116104682071 0.7809355518020118 -0.0 0.0 -0.0 0.0 1.0 0.0
-1.3020452691095707 0.11941159461630525 0.0 0.8013294505594342 0.5982232958236542 0.0 0.0 -0.5982232958236542 0.8013294505594342 -0.0 0.0 -0.0 0.0 1.0 0.0
-1.2217713514650315 0.22170905192089507 0.0 0.8534978772823392 0.5210963188073211 0.0 0.0 -0.5210963188073211 0.8534978772823392 -0.0 0.0 -0.0 0.0 1.0 0.0
-1.1648892409937772 0.1911712317799047 0.0 0.8879772927692215 0.4598872987224632 0.0 0.0 -0.4598872987224632 0.8879772927692215 -0.0 0.0 -0.0 0.0 1.0 0.0
-1.099227338468102 0.15959518620640667 0.0 0.920979161244222 0.3896118383133261 0.0 0.0 -0.3896118383133261 0.920979161244222 -0.0 0.0 -0.0 0.0 1.0 0.0
-1.0368370716787965 0.15357958143616884 0.0 0.9662360322032378 0.2576585532679705 0.0 0.0 -0.2576585532679705 0.9662360322032378 -0.0 0.0 -0.0 0.0 1.0 0.0
-0.9773138320363968 0.13419315297426482 0.0 0.97624208580202 0.21668269406881907 0.0 0.0 -0.21668269406881907 0.97624208580202 -0.0 0.0 -0.0 0.0 1.0 0.0
-0.9011743126619556 0.1274274042906151 0.0 0.9913496337147947 0.1312474903895017 0.0 0.0 -0.1312474903895017 0.9913496337147947 -0.0 0.0 -0.0 0.0 1.0 0.0
-0.901339149784464 0.13007776315418568 0.0 0.9979154515233157 0.06453488677464961 0.0 0.0 -0.06453488677464961 0.9979154515233157 -0.0 0.0 -0.0 0.0 1.0 0.0
-0.8210058743687635 0.12829144588964217 0.0 0.9997778191861962 0.021078715883407612 0.0 0.0 -0.021078715883407612 0.9997778191861962 -0.0 0.0 -0.0 0.0 1.0 0.0
-0.7535651206428975 0.12482293331160717 0.0 0.999559584496636 0.029675529328262052 0.0 0.0 -0.029675529328262052 0.999559584496636 -0.0 0.0 -0.0 0.0 1.0 0.0
-0.6776954245027202 0.12058650880456404 0.0 0.9978248467054507 0.06592097767208703 0.0 0.0 -0.06592097767208703 0.9978248467054507 -0.0 0.0 -0.0 0.0 1.0 0.0
-0.597537211171375 0.11327540101142511 0.0 0.993936932057032 0.10995169436191012 0.0 0.0 -0.10995169436191012 0.993936932057032 -0.0 0.0 -0.0 0.0 1.0 0.0
-0.37211415096174144 -0.1876939975082515 0.0 0.9986147251985901 0.052617778521563956 0.0 0.0 -0.052617778521563956 0.9986147251985901 -0.0 0.0 -0.0 0.0 1.0 0.0
-0.2900728222897244 0.00633292919270996 0.0 0.984057171751112 0.17785241838446442 0.0 0.0 -0.17785241838446442 0.984057171751112 -0.0 0.0 -0.0 0.0 1.0 0.0
-0.3821480217251636 -0.1516292644117498 0.0 0.9882253446424347 0.15300545155758688 0.0 0.0 -0.15300545155758688 0.9882253446424347 -0.0 0.0 -0.0 0.0 1.0 0.0
-0.3864441326601181 0.001622999208266529 0.0 0.9776438437039108 0.2102677218877002 0.0 0.0 -0.2102677218877002 0.9776438437039108 -0.0 0.0 -0.0 0.0 1.0 0.0
-0.38676230626447305 0.0022467180948057275 0.0 0.9774047152663045 0.21137649485028936 0.0 0.0 -0.21137649485028936 0.9774047152663045 -0.0 0.0 -0.0 0.0 1.0 0.0
-0.38647490761559994 0.0019848522753490444 0.0 0.9774141831901993 0.2113327104322365 0.0 0.0 -0.2113327104322365 0.9774141831901993 -0.0 0.0 -0.0 0.0 1.0 0.0
-0.3868238931979522 0.0018070083644026458 0.0 0.9776931304320557 0.21003843149758847 0.0 0.0 -0.21003843149758847 0.9776931304320557 -0.0 0.0 -0.0 0.0 1.0 0.0
-0.38671934737660957 0.0027042573693380756 0.0 0.977403733722073 0.211381033458896 0.0 0.0 -0.211381033458896 0.977403733722073 -0.0 0.0 -0.0 0.0 1.0 0.0
-0.38652358510822304 0.0026694048968293055 0.0 0.9774064499513616 0.2113684735088855 0.0 0.0 -0.2113684735088855 0.9774064499513616 -0.0 0.0 -0.0 0.0 1.0 0.0
