0.0028884325278766484 0.0014789582624527397 0.0 0.9999958963580189 -0.0028648328262523646 0.0 0.0 0.0028648328262523646 0.9999958963580189 0.0 0.0 0.0 0.0 1.0 0.0
0.001834089960847879 0.0003460479606294291 0.0 0.9999935732535836 -0.0035851710600320035 0.0 0.0 0.0035851710600320035 0.9999935732535836 0.0 0.0 0.0 0.0 1.0 0.0
-0.005180411478537055 0.00208278615836294 0.0 0.9999996912988625 0.0007857494383116256 0.0 0.0 -0.0007857494383116256 0.9999996912988625 -0.0 0.0 -0.0 0.0 1.0 0.0
-0.003883939015565851 0.0020470512014013754 0.0 0.9999987872055562 0.001557429746973345 0.0 0.0 -0.001557429746973345 0.9999987872055562 -0.0 0.0 -0.0 0.0 1.0 0.0
-0.0052254777089161975 0.0008732249937667357 0.0 0.9999960651865509 0.0028052827692344857 0.0 0.0 -0.0028052827692344857 0.9999960651865509 -0.0 0.0 -0.0 0.0 1.0 0.0
-0.0034714801187282433 0.0017678799465349238 0.0 0.999999423281055 0.001073982102980639 0.0 0.0 -0.001073982102980639 0.999999423281055 -0.0 0.0 -0.0 0.0 1.0 0.0
-0.004329019542440714 0.002109354202054039 0.0 0.999996068304826 0.0028041709808164094 0.0 0.0 -0.0028041709808164094 0.999996068304826 -0.0 0.0 -0.0 0.0 1.0 0.0
0.003738119217875295 0.001832538506833565 0.0 0.9999934726984042 -0.003613109545230011 0.0 0.0 0.003613109545230011 0.9999934726984042 0.0 0.0 0.0 0.0 1.0 0.0
0.004660638497016707 0.001153417973531655 0.0 0.9999916644450815 -0.00408301853479885 0.0 0.0 0.00408301853479885 0.9999916644450815 0.0 0.0 0.0 0.0 1.0 0.0
0.09901398919409701 0.0005653839220095573 0.0 0.9994713298650015 -0.032512471113179835 0.0 0.0 0.032512471113179835 0.9994713298650015 0.0 0.0 0.0 0.0 1.0 0.0
0.1876948868109876 0.005826089941092679 0.0 0.9944830139411452 -0.10489773583131283 0.0 0.0 0.10489773583131283 0.9944830139411452 0.0 0.0 0.0 0.0 1.0 0.0
0.3107925702197625 0.019668154935012973 0.0 0.9858058091002779 -0.16788956710929473 0.0 0.0 0.16788956710929473 0.9858058091002779 0.0 0.0 0.0 0.0 1.0 0.0
0.3940444312734598 0.033767151708367985 0.0 0.9817656634539369 -0.19009519210871995 0.0 0.0 0.19009519210871995 0.9817656634539369 0.0 0.0 0.0 0.0 1.0 0.0
0.5179213626808737 0.05838025215074825 0.0 0.9734981705791 -0.228694800726089 0.0 0.0 0.228694800726089 0.9734981705791 0.0 0.0 0.0 0.0 1.0 0.0
0.609521891835575 0.0776381737168683 0.0 0.9686056325685158 -0.2486023502635189 0.0 0.0 0.2486023502635189 0.9686056325685158 0.0 0.0 0.0 0.0 1.0 0.0
0.7345598982792598 0.11189953521933488 0.0 0.9652762861768738 -0.2612311071533827 0.0 0.0 0.2612311071533827 0.9652762861768738 0.0 0.0 0.0 0.0 1.0 0.0
0.8112749322460564 0.13127205073580395 0.0 0.9598841070360041 -0.28039704181694375 0.0 0.0 0.28039704181694375 0.9598841070360041 0.0 0.0 0.0 0.0 1.0 0.0
0.9365220675263082 0.17560773216177386 0.0 0.9424392733777931 -0.3343773556853655 0.0 0.0 0.3343773556853655 0.9424392733777931 0.0 0.0 0.0 0.0 1.0 0.0
1.0134306306683414 0.20177953726424713 0.0 0.9327325597633087 -0.3605689558980166 0.0 0.0 0.3605689558980166 0.9327325597633087 0.0 0.0 0.0 0.0 1.0 0.0
1.1232989313933697 0.24294372004934817 0.0 0.894337722047873 -0.4473924886743423 0.0 0.0 0.4473924886743423 0.894337722047873 0.0 0.0 0.0 0.0 1.0 0.0
1.2046964968608143 0.2788283950605867 0.0 0.8753556289025738 -0.4834795993096085 0.0 0.0 0.4834795993096085 0.8753556289025738 0.0 0.0 0.0 0.0 1.0 0.0
1.3030600947489173 0.3325934468970063 0.0 0.8603677345235159 -0.5096737793833157 0.0 0.0 0.5096737793833157 0.8603677345235159 0.0 0.0 0.0 0.0 1.0 0.0
1.3787819435547801 0.3821214917848789 0.0 0.8417220893784929 -0.5399110336456409 0.0 0.0 0.5399110336456409 0.8417220893784929 0.0 0.0 0.0 0.0 1.0 0.0
1.4683582823868837 0.44314407024114705 0.0 0.7563888152823242 -0.6541222822346003 0.0 0.0 0.6541222822346003 0.7563888152823242 0.0 0.0 0.0 0.0 1.0 0.0
1.5245174854480716 0.49132488473224323 0.0 0.7197836147480071 -0.6941984931849771 0.0 0.0 0.6941984931849771 0.7197836147480071 0.0 0.0 0.0 0.0 1.0 0.0
1.6071987820931897 0.5815354440416711 0.0 0.5596853674764228 -0.8287051884915295 0.0 0.0 0.8287051884915295 0.5596853674764228 0.0 0.0 0.0 0.0 1.0 0.0
1.6555177608877847 0.6571832005739239 0.0 0.4442900118735278 -0.8958830199023871 0.0 0.0 0.8958830199023871 0.4442900118735278 0.0 0.0 0.0 0.0 1.0 0.0
1.6870545801059973 0.7288937482510393 0.0 0.3512297646336161 -0.9362892995412341 0.0 0.0 0.9362892995412341 0.3512297646336161 0.0 0.0 0.0 0.0 1.0 0.0
1.7380746839798134 0.8574583180566043 0.0 0.27635952764151095 -0.9610543228568097 0.0 0.0 0.9610543228568097 0.27635952764151095 0.0 0.0 0.0 0.0 1.0 0.0
1.7607412700288523 0.9417182390540527 0.0 0.23503554606163346 -0.9719867756752198 0.0 0.0 0.9719867756752198 0.23503554606163346 0.0 0.0 0.0 0.0 1.0 0.0
1.7954658180018357 1.0753490887628094 0.0 0.18334692536780428 -0.9830482719369242 0.0 0.0 0.9830482719369242 0.18334692536780428 0.0 0.0 0.0 0.0 1.0 0.0
1.817192202409894 1.198630180386744 0.0 0.16875640008062243 -0.9856577892107529 0.0 0.0 0.9856577892107529 0.16875640008062243 0.0 0.0 0.0 0.0 1.0 0.0
1.8305490229113184 1.2820431845294902 0.0 0.16456180597479342 -0.9863667735757906 0.0 0.0 0.9863667735757906 0.16456180597479342 0.0 0.0 0.0 0.0 1.0 0.0
1.8510049275477736 1.414097360130393 0.0 0.1541671847349081 -0.98804477588362 0.0 0.0 0.98804477588362 0.1541671847349081 0.0 0.0 0.0 0.0 1.0 0.0
1.8637663802163285 1.4958386496299996 0.0 0.15093363002028526 -0.9885438985340508 0.0 0.0 0.9885438985340508 0.15093363002028526 0.0 0.0 0.0 0.0 1.0 0.0
1.8813905338879997 1.6208288295474296 0.0 0.12954669407006725 -0.9915733225816012 0.0 0.0 0.9915733225816012 0.12954669407006725 0.0 0.0 0.0 0.0 1.0 0.0
1.8941808475469206 1.7088927200337902 0.0 0.11096963157961792 -0.9938237976960926 0.0 0.0 0.9938237976960926 0.11096963157961792 0.0 0.0 0.0 0.0 1.0 0.0
1.9073751346302372 1.8457832616700673 0.0 0.08659902079162463 -0.9962432482069487 0.0 0.0 0.9962432482069487 0.08659902079162463 0.0 0.0 0.0 0.0 1.0 0.0
1.9148702399450546 1.930530611833449 0.0 0.0823480953988166 -0.9966036279204423 0.0 0.0 0.9966036279204423 0.0823480953988166 0.0 0.0 0.0 0.0 1.0 0.0
1.922701132223397 2.0541197614249413 0.0 0.041283462951890226 -0.9991474744434379 0.0 0.0 0.9991474744434379 0.041283462951890226 0.0 0.0 0.0 0.0 1.0 0.0
1.9271353159977664 2.135252719137981 0.0 0.014896161480143388 -0.9998890460311871 0.0 0.0 0.9998890460311871 0.014896161480143388 0.0 0.0 0.0 0.0 1.0 0.0
1.9280053932539518 2.2545230379237364 0.0 -0.008688539733952005 -0.9999622539262627 0.0 0.0 0.9999622539262627 -0.008688539733952005 0.0 0.0 0.0 0.0 1.0 0.0
1.9266931577192914 2.355765125450371 0.0 -0.06640333818675637 -0.997792862611101 0.0 0.0 0.997792862611101 -0.06640333818675637 0.0 0.0 0.0 0.0 1.0 0.0
1.917163579134419 2.4799662715249897 0.0 -0.12169641035272427 -0.9925673698582185 0.0 0.0 0.9925673698582185 -0.12169641035272427 0.0 0.0 0.0 0.0 1.0 0.0
1.9048825036971628 2.568599487656174 0.0 -0.1288746309311799 -0.991660894410157 0.0 0.0 0.991660894410157 -0.1288746309311799 0.0 0.0 0.0 0.0 1.0 0.0
1.8891887999500048 2.681658227235482 0.0 -0.19286388341232374 -0.9812255207010859 0.0 0.0 0.9812255207010859 -0.19286388341232374 0.0 0.0 0.0 0.0 1.0 0.0
1.8772854957574518 2.738609941855328 0.0 -0.26234755574274393 -0.9649734504098069 0.0 0.0 0.9649734504098069 -0.26234755574274393 0.0 0.0 0.0 0.0 1.0 0.0
1.8545985236573914 2.8144788722625664 0.0 -0.3889618494532783 -0.9212538627706726 0.0 0.0 0.9212538627706726 -0.3889618494532783 0.0 0.0 0.0 0.0 1.0 0.0
1.822297730085819 2.902230757903814 0.0 -0.42206158259684123 -0.906567162705472 0.0 0.0 0.906567162705472 -0.42206158259684123 0.0 0.0 0.0 0.0 1.0 0.0
1.771279981888103 3.0064673632278436 0.0 -0.4704558652248543 -0.882423525794464 0.0 0.0 0.882423525794464 -0.4704558652248543 0.0 0.0 0.0 0.0 1.0 0.0
1.7278957962189878 3.0883418965507277 0.0 -0.5141865247220132 -0.8576783883218105 0.0 0.0 0.8576783883218105 -0.5141865247220132 0.0 0.0 0.0 0.0 1.0 0.0
1.6640205950266287 3.184269716100422 0.0 -0.5903712455593306 -0.8071318308781562 0.0 0.0 0.8071318308781562 -0.5903712455593306 0.0 0.0 0.0 0.0 1.0 0.0
1.6087416946917479 3.2573805938522007 0.0 -0.6555476047887654 -0.755153850454139 0.0 0.0 0.755153850454139 -0.6555476047887654 0.0 0.0 0.0 0.0 1.0 0.0
1.5565990416865052 3.3263153932682172 0.0 -0.702827781887885 -0.711360041755619 0.0 0.0 0.711360041755619 -0.702827781887885 0.0 0.0 0.0 0.0 1.0 0.0
1.4573671068544223 3.411391479033427 0.0 -0.7746133814880645 -0.6324350632433555 0.0 0.0 0.6324350632433555 -0.7746133814880645 0.0 0.0 0.0 0.0 1.0 0.0
1.3928904407601752 3.4732778912154254 0.0 -0.8220112538798172 -0.5694712446602824 0.0 0.0 0.5694712446602824 -0.8220112538798172 0.0 0.0 0.0 0.0 1.0 0.0
1.2776591179106613 3.539443816774404 0.0 -0.891896739070769 -0.4522391036110536 0.0 0.0 0.4522391036110536 -0.891896739070769 0.0 0.0 0.0 0.0 1.0 0.0
1.1705074245703952 3.5890197286645438 0.0 -0.9356821780476907 -0.3528439622325005 0.0 0.0 0.3528439622325005 -0.9356821780476907 0.0 0.0 0.0 0.0 1.0 0.0
1.0843893125359525 3.620583688601983 0.0 -0.955714005133389 -0.29429702749415865 0.0 0.0 0.29429702749415865 -0.955714005133389 0.0 0.0 0.0 0.0 1.0 0.0
0.968623186516665 3.664018266614125 0.0 -0.9652021600491503 -0.2615048570035623 0.0 0.0 0.2615048570035623 -0.9652021600491503 0.0 0.0 0.0 0.0 1.0 0.0
0.877001372971685 3.688324512427672 0.0 -0.9696259161436738 -0.24459268742654836 0.0 0.0 0.24459268742654836 -0.9696259161436738 0.0 0.0 0.0 0.0 1.0 0.0
0.7561658989873686 3.7176329652999587 0.0 -0.9699485785258517 -0.24330999777173 0.0 0.0 0.24330999777173 -0.9699485785258517 0.0 0.0 0.0 0.0 1.0 0.0
0.6767923174535226 3.7389214193771076 0.0 -0.9662418099696661 -0.25763688529894724 0.0 0.0 0.25763688529894724 -0.9662418099696661 0.0 0.0 0.0 0.0 1.0 0.0
0.5997815618067218 3.759871382174044 0.0 -0.9675674609625204 -0.25261276390266124 0.0 0.0 0.25261276390266124 -0.9675674609625204 0.0 0.0 0.0 0.0 1.0 0.0
0.47619429660721013 3.788686651420686 0.0 -0.9615183884487319 -0.27474058432447335 0.0 0.0 0.27474058432447335 -0.9615183884487319 0.0 0.0 0.0 0.0 1.0 0.0
0.42000422806838333 3.803694239953751 0.0 -0.9597028625004291 -0.28101675343025584 0.0 0.0 0.28101675343025584 -0.9597028625004291 0.0 0.0 0.0 0.0 1.0 0.0
0.3600907775531368 3.824632602221766 0.0 -0.9304146026587479 -0.3665087545466883 0.0 0.0 0.3665087545466883 -0.9304146026587479 0.0 0.0 0.0 0.0 1.0 0.0
0.30979145218492643 3.8423314949238563 0.0 -0.8703622632984944 -0.4924119521558377 0.0 0.0 0.4924119521558377 -0.8703622632984944 0.0 0.0 0.0 0.0 1.0 0.0
0.22290263688088488 3.8900559345647725 0.0 -0.8909587886547441 -0.45408417382559213 0.0 0.0 0.45408417382559213 -0.8909587886547441 0.0 0.0 0.0 0.0 1.0 0.0
0.11516735167347236 3.9326616969060946 0.0 -0.9953603037578198 -0.09621780346245834 0.0 0.0 0.09621780346245834 -0.9953603037578198 0.0 0.0 0.0 0.0 1.0 0.0
0.028121758971175165 3.937840753619089 0.0 -0.9957036509763615 0.09259718911686438 0.0 0.0 -0.09259718911686438 -0.9957036509763615 0.0 0.0 0.0 0.0 1.0 0.0
-0.09746230655579738 3.919960407178367 0.0 -0.9710345228141439 0.23893922972820428 0.0 0.0 -0.23893922972820428 -0.9710345228141439 0.0 0.0 0.0 0.0 1.0 0.0
-0.17952293518621512 3.899857264207125 0.0 -0.9534949870446303 0.3014088745885893 0.0 0.0 -0.3014088745885893 -0.9534949870446303 0.0 0.0 0.0 0.0 1.0 0.0
-0.3030503721117166 3.862305587149269 0.0 -0.9481282561886342 0.3178880460424714 0.0 0.0 -0.3178880460424714 -0.9481282561886342 0.0 0.0 0.0 0.0 1.0 0.0
-0.3826396718113669 3.8334657279704025 0.0 -0.9534934552993461 0.30141372016103457 0.0 0.0 -0.30141372016103457 -0.9534934552993461 0.0 0.0 0.0 0.0 1.0 0.0
-0.5049882143802953 3.799897445232899 0.0 -0.9569155039192507 0.29036652417068753 0.0 0.0 -0.29036652417068753 -0.9569155039192507 0.0 0.0 0.0 0.0 1.0 0.0
-0.5827489278733211 3.773195017727234 0.0 -0.9646144513414323 0.2636644842660225 0.0 0.0 -0.2636644842660225 -0.9646144513414323 0.0 0.0 0.0 0.0 1.0 0.0
-0.6982737252781972 3.7444758225039854 0.0 -0.9547431290942812 0.2974316012922316 0.0 0.0 -0.2974316012922316 -0.9547431290942812 0.0 0.0 0.0 0.0 1.0 0.0
-0.7870090035944955 3.715463146716275 0.0 -0.9410788756523378 0.3381871520340947 0.0 0.0 -0.3381871520340947 -0.9410788756523378 0.0 0.0 0.0 0.0 1.0 0.0
-0.8969806842783461 3.6751656463708504 0.0 -0.9222183812043019 0.38666944199007613 0.0 0.0 -0.38666944199007613 -0.9222183812043019 0.0 0.0 0.0 0.0 1.0 0.0
-0.9769162830195335 3.640538314574595 0.0 -0.904001360231911 0.4275295787414656 0.0 0.0 -0.4275295787414656 -0.904001360231911 0.0 0.0 0.0 0.0 1.0 0.0
-1.0849062195144275 3.587017278651469 0.0 -0.8862083780976502 0.4632868556192073 0.0 0.0 -0.4632868556192073 -0.8862083780976502 0.0 0.0 0.0 0.0 1.0 0.0
-1.1776517611010673 3.53492470743031 0.0 -0.876264140961422 0.4818310443144375 0.0 0.0 -0.4818310443144375 -0.876264140961422 0.0 0.0 0.0 0.0 1.0 0.0
-1.2752002668957674 3.483405503182511 0.0 -0.8497885193143833 0.5271237733601742 0.0 0.0 -0.5271237733601742 -0.8497885193143833 0.0 0.0 0.0 0.0 1.0 0.0
-1.3477035069636738 3.4359798100669767 0.0 -0.8212410553296061 0.5705813956317853 0.0 0.0 -0.5705813956317853 -0.8212410553296061 0.0 0.0 0.0 0.0 1.0 0.0
-1.4467996915762302 3.36279736031817 0.0 -0.7964069383592751 0.6047611003803114 0.0 0.0 -0.6047611003803114 -0.7964069383592751 0.0 0.0 0.0 0.0 1.0 0.0
-1.4978766651735873 3.324661300936133 0.0 -0.7744612828887154 0.6326213095575951 0.0 0.0 -0.6326213095575951 -0.7744612828887154 0.0 0.0 0.0 0.0 1.0 0.0
-1.5874069171996366 3.236816338257802 0.0 -0.5503940785970922 0.8349049995330357 0.0 0.0 -0.8349049995330357 -0.5503940785970922 0.0 0.0 0.0 0.0 1.0 0.0
-1.6417545255825208 3.1656233279501906 0.0 -0.41199885669630243 0.9111843622895094 0.0 0.0 -0.9111843622895094 -0.41199885669630243 0.0 0.0 0.0 0.0 1.0 0.0
-1.6845544049196324 3.045471879273279 0.0 -0.2798141064188653 0.9600541994330385 0.0 0.0 -0.9600541994330385 -0.2798141064188653 -0.0 0.0 -0.0 0.0 1.0 0.0
-1.7104878698192187 2.953498400399965 0.0 -0.21234236244241433 0.9771953341642469 0.0 0.0 -0.9771953341642469 -0.21234236244241433 -0.0 0.0 -0.0 0.0 1.0 0.0
-1.7242763290605798 2.8705330836537746 0.0 -0.15982515818827903 0.9871453382405714 0.0 0.0 -0.9871453382405714 -0.15982515818827903 -0.0 0.0 -0.0 0.0 1.0 0.0
-1.750322414679345 2.7345312127869574 0.0 -0.1078602196295908 0.9941660691360655 0.0 0.0 -0.9941660691360655 -0.1078602196295908 -0.0 0.0 -0.0 0.0 1.0 0.0
-1.7597110222599204 2.6500726198235265 0.0 -0.09667940338308201 0.9953155745598935 0.0 0.0 -0.9953155745598935 -0.09667940338308201 -0.0 0.0 -0.0 0.0 1.0 0.0
-1.7680186296933669 2.5231656504957587 0.0 -0.08159103338178975 0.9966658935027783 0.0 0.0 -0.9966658935027783 -0.08159103338178975 -0.0 0.0 -0.0 0.0 1.0 0.0
-1.7773783490618489 2.3959429207744614 0.0 -0.058930841921631005 0.9982620677309181 0.0 0.0 -0.9982620677309181 -0.058930841921631005 -0.0 0.0 -0.0 0.0 1.0 0.0
-1.7832245925440855 2.315918287844376 0.0 -0.047622550177929934 0.9988654027017605 0.0 0.0 -0.9988654027017605 -0.047622550177929934 -0.0 0.0 -0.0 0.0 1.0 0.0
-1.7886337554118914 2.1832315644674485 0.0 -0.04208623840454995 0.9991139817543119 0.0 0.0 -0.9991139817543119 -0.04208623840454995 -0.0 0.0 -0.0 0.0 1.0 0.0
-1.7908357073622962 2.099075170987276 0.0 -0.0390259257416552 0.9992381983891563 0.0 0.0 -0.9992381983891563 -0.0390259257416552 -0.0 0.0 -0.0 0.0 1.0 0.0
-1.796885655391414 1.9695354606361963 0.0 -0.014033681045140023 0.9999015230493069 0.0 0.0 -0.9999015230493069 -0.014033681045140023 -0.0 0.0 -0.0 0.0 1.0 0.0
-1.796771156797384 1.8807361997563634 0.0 -0.01998612059957061 0.999800257543165 0.0 0.0 -0.999800257543165 -0.01998612059957061 -0.0 0.0 -0.0 0.0 1.0 0.0
-1.797318997904458 1.7607036424707028 0.0 -0.037335643575992616 0.9993027818027758 0.0 0.0 -0.9993027818027758 -0.037335643575992616 -0.0 0.0 -0.0 0.0 1.0 0.0
-1.800282782281705 1.675137707189517 0.0 -0.03927912093802011 0.9992282775513995 0.0 0.0 -0.9992282775513995 -0.03927912093802011 -0.0 0.0 -0.0 0.0 1.0 0.0
-1.804478135208621 1.601345665892609 0.0 -0.04581119800189826 0.9989501159405464 0.0 0.0 -0.9989501159405464 -0.04581119800189826 -0.0 0.0 -0.0 0.0 1.0 0.0
-1.808940963828186 1.473551693951251 0.0 -0.07277730641840074 0.9973482158556669 0.0 0.0 -0.9973482158556669 -0.07277730641840074 -0.0 0.0 -0.0 0.0 1.0 0.0
-1.8148197741022334 1.3881916596242077 0.0 -0.06286582170482391 0.9980219879648831 0.0 0.0 -0.9980219879648831 -0.06286582170482391 -0.0 0.0 -0.0 0.0 1.0 0.0
-1.8194646806696246 1.3373110841241629 0.0 -0.033462496242380624 0.9994399738579745 0.0 0.0 -0.9994399738579745 -0.033462496242380624 -0.0 0.0 -0.0 0.0 1.0 0.0
-1.8188238598827826 1.2809580536887222 0.0 -0.006378616058301478 0.99997965642166 0.0 0.0 -0.99997965642166 -0.006378616058301478 -0.0 0.0 -0.0 0.0 1.0 0.0
-1.817773695590929 1.277680747644016 0.0 -0.004092097425635766 0.9999916273342788 0.0 0.0 -0.9999916273342788 -0.004092097425635766 -0.0 0.0 -0.0 0.0 1.0 0.0
-1.8305507809488029 1.222377042920184 0.0 -0.10520306783748312 0.9944507602277659 0.0 0.0 -0.9944507602277659 -0.10520306783748312 -0.0 0.0 -0.0 0.0 1.0 0.0
-1.8351296423502574 1.1315451603632964 0.0 0.07660978582750466 0.997061151943783 0.0 0.0 -0.997061151943783 0.07660978582750466 -0.0 0.0 -0.0 0.0 1.0 0.0
-1.8208813846669356 1.0145857580379234 0.0 0.2977818184715898 0.9546339552874459 0.0 0.0 -0.9546339552874459 0.2977818184715898 -0.0 0.0 -0.0 0.0 1.0 0.0
-1.7923631328169654 0.9267013831542624 0.0 0.4252806156145137 0.9050615437540922 0.0 0.0 -0.9050615437540922 0.4252806156145137 -0.0 0.0 -0.0 0.0 1.0 0.0
-1.7390915917819267 0.8180449744980154 0.0 0.5459286640941833 0.8378316619228116 0.0 0.0 -0.8378316619228116 0.5459286640941833 -0.0 0.0 -0.0 0.0 1.0 0.0
-1.6786768403237966 0.7400483772324212 0.0 0.6120273575096508 0.7908365909969987 0.0 0.0 -0.7908365909969987 0.6120273575096508 -0.0 0.0 -0.0 0.0 1.0 0.0
-1.6000836105381027 0.6338078263064241 0.0 0.6986136207599328 0.715499132695978 0.0 0.0 -0.715499132695978 0.6986136207599328 -0.0 0.0 -0.0 0.0 1.0 0.0
-1.5414488303878457 0.5780805812239745 0.0 0.730049046623499 0.6833947538020176 0.0 0.0 -0.6833947538020176 0.730049046623499 -0.0 0.0 -0.0 0.0 1.0 0.0
-1.4585384016453466 0.5031355297685043 0.0 0.7994004096980944 0.6007986226469888 0.0 0.0 -0.6007986226469888 0.7994004096980944 -0.0 0.0 -0.0 0.0 1.0 0.0
-1.377281104928107 0.44143678768357053 0.0 0.8387705901243916 0.5444849833947489 0.0 0.0 -0.5444849833947489 0.8387705901243916 -0.0 0.0 -0.0 0.0 1.0 0.0
-1.2801218710461022 0.38246622865979185 0.0 0.8762359707444207 0.48188227148711615 0.0 0.0 -0.48188227148711615 0.8762359707444207 -0.0 0.0 -0.0 0.0 1.0 0.0
-1.1916409500951186 0.33503350097519746 0.0 0.9094453562785317 0.41582345285398997 0.0 0.0 -0.41582345285398997 0.9094453562785317 -0.0 0.0 -0.0 0.0 1.0 0.0
-1.0872895573914394 0.29079936873670864 0.0 0.9329732197515389 0.35994578928839643 0.0 0.0 -0.35994578928839643 0.9329732197515389 -0.0 0.0 -0.0 0.0 1.0 0.0
-1.0010448860263637 0.259346326966724 0.0 0.9426712547587619 0.3337227973206826 0.0 0.0 -0.3337227973206826 0.9426712547587619 -0.0 0.0 -0.0 0.0 1.0 0.0
-0.8881009094518212 0.22102245178635063 0.0 0.9487151770378338 0.3161321129813794 0.0 0.0 -0.3161321129813794 0.9487151770378338 -0.0 0.0 -0.0 0.0 1.0 0.0
-0.7907889493698979 0.19103178068665977 0.0 0.9556419276023399 0.2945309936296758 0.0 0.0 -0.2945309936296758 0.9556419276023399 -0.0 0.0 -0.0 0.0 1.0 0.0
-0.6735778536275812 0.15671764039236047 0.0 0.9610485701597127 0.2763795321545572 0.0 0.0 -0.2763795321545572 0.9610485701597127 -0.0 0.0 -0.0 0.0 1.0 0.0
-0.5833227233978153 0.12064893308276609 0.0 0.9633901011741999 0.26810354894996224 0.0 0.0 -0.26810354894996224 0.9633901011741999 -0.0 0.0 -0.0 0.0 1.0 0.0
-0.5037474825929618 0.09996425638366327 0.0 0.9591479676318712 0.28290488894264615 0.0 0.0 -0.28290488894264615 0.9591479676318712 -0.0 0.0 -0.0 0.0 1.0 0.0
-0.3849058051311186 0.06306379847585483 0.0 0.9598367685921445 0.2805590448703983 0.0 0.0 -0.2805590448703983 0.9598367685921445 -0.0 0.0 -0.0 0.0 1.0 0.0
-0.30219612597069134 0.042434272881330004 0.0 0.9637633929218683 0.26675854712403957 0.0 0.0 -0.26675854712403957 0.9637633929218683 -0.0 0.0 -0.0 0.0 1.0 0.0
-0.20200304778308725 0.013168009368115238 0.0 0.9539425974111398 0.2999892012131235 0.0 0.0 -0.2999892012131235 0.9539425974111398 -0.0 0.0 -0.0 0.0 1.0 0.0
-0.12492238904484837 -0.008751350204291533 0.0 0.9536929943128404 0.300781769059577 0.0 0.0 -0.300781769059577 0.9536929943128404 -0.0 0.0 -0.0 0.0 1.0 0.0
-0.08607720728496437 -0.021794928246269066 0.0 0.9614274647645348 0.27505859375129366 0.0 0.0 -0.27505859375129366 0.9614274647645348 -0.0 0.0 -0.0 0.0 1.0 0.0
-0.07623733122463344 -0.030906875363481245 0.0 0.9997504955627976 0.02233711310668066 0.0 0.0 -0.02233711310668066 0.9997504955627976 -0.0 0.0 -0.0 0.0 1.0 0.0
-0.08043817455080521 -0.031541923830540025 0.0 0.9996716760182062 0.025623039767961858 0.0 0.0 -0.025623039767961858 0.9996716760182062 -0.0 0.0 -0.0 0.0 1.0 0.0
