0.0023614235668023564 0.001595126460826441 0.0 0.9999964741427567 -0.0026555041056191913 0.0 0.0 0.0026555041056191913 0.9999964741427567 0.0 0.0 0.0 0.0 1.0 0.0
0.00200649745677054 0.0007241328217087592 0.0 0.9999925112970476 -0.0038700581163897776 0.0 0.0 0.0038700581163897776 0.9999925112970476 0.0 0.0 0.0 0.0 1.0 0.0
0.000630191179542371 0.002671694394364449 0.0 0.9999949137825357 -0.003189421430152995 0.0 0.0 0.003189421430152995 0.9999949137825357 0.0 0.0 0.0 0.0 1.0 0.0
0.003755577307184315 0.002296159114791204 0.0 0.9999934796266893 -0.0036111915078332977 0.0 0.0 0.0036111915078332977 0.9999934796266893 0.0 0.0 0.0 0.0 1.0 0.0
0.0009546520599595099 0.0015779733872016474 0.0 0.9999956746024674 -0.002941220215525112 0.0 0.0 0.002941220215525112 0.9999956746024674 0.0 0.0 0.0 0.0 1.0 0.0
0.0030001830805352183 0.0010753380977427723 0.0 0.9999936054596289 -0.0035761767087381787 0.0 0.0 0.0035761767087381787 0.9999936054596289 0.0 0.0 0.0 0.0 1.0 0.0
0.0038318182624445876 0.0030354615333297195 0.0 0.9999922892425176 -0.003927016107562794 0.0 0.0 0.003927016107562794 0.9999922892425176 0.0 0.0 0.0 0.0 1.0 0.0
0.003174965090153251 0.0019536671457309057 0.0 0.9999916763682352 -0.004080097333017187 0.0 0.0 0.004080097333017187 0.9999916763682352 0.0 0.0 0.0 0.0 1.0 0.0
0.0033656601315910604 0.0011517687116855873 0.0 0.9999914030255223 -0.004146549776313184 0.0 0.0 0.004146549776313184 0.9999914030255223 0.0 0.0 0.0 0.0 1.0 0.0
0.057434608315318186 0.0009262421779313579 0.0 0.9999927546424352 -0.0038066602993157297 0.0 0.0 0.0038066602993157297 0.9999927546424352 0.0 0.0 0.0 0.0 1.0 0.0
0.18253119811298735 0.0038269284748508837 0.0 0.9954114881990045 -0.09568682856821631 0.0 0.0 0.09568682856821631 0.9954114881990045 0.0 0.0 0.0 0.0 1.0 0.0
0.2470857046649146 0.006581545402878763 0.0 0.993059529055101 -0.1176128043746131 0.0 0.0 0.1176128043746131 0.993059529055101 0.0 0.0 0.0 0.0 1.0 0.0
0.3773383150028532 0.027659055720123074 0.0 0.9842339265054334 -0.1768716424860047 0.0 0.0 0.1768716424860047 0.9842339265054334 0.0 0.0 0.0 0.0 1.0 0.0
0.5010453078684389 0.049824908540869524 0.0 0.9761043714295012 -0.21730222289755421 0.0 0.0 0.21730222289755421 0.9761043714295012 0.0 0.0 0.0 0.0 1.0 0.0
0.6018150730585607 0.07807921249162682 0.0 0.9709194370329917 -0.2394064468462337 0.0 0.0 0.2394064468462337 0.9709194370329917 0.0 0.0 0.0 0.0 1.0 0.0
0.7270482193020434 0.11026801636558702 0.0 0.9662286327297853 -0.25768630016578226 0.0 0.0 0.25768630016578226 0.9662286327297853 0.0 0.0 0.0 0.0 1.0 0.0
0.8007346836241102 0.13088270014375614 0.0 0.9617637661945018 -0.2738803717599487 0.0 0.0 0.2738803717599487 0.9617637661945018 0.0 0.0 0.0 0.0 1.0 0.0
0.9236085046119772 0.16523375837272405 0.0 0.9449726877351448 -0.32714923113866023 0.0 0.0 0.32714923113866023 0.9449726877351448 0.0 0.0 0.0 0.0 1.0 0.0
0.9927252126501838 0.18592768148312672 0.0 0.9370646430326086 -0.3491559175757586 0.0 0.0 0.3491559175757586 0.9370646430326086 0.0 0.0 0.0 0.0 1.0 0.0
1.1061415437134825 0.22764988948391085 0.0 0.900472910990618 -0.43491210212189146 0.0 0.0 0.43491210212189146 0.900472910990618 0.0 0.0 0.0 0.0 1.0 0.0
1.191507376983861 0.27640195648739785 0.0 0.87949018733195 -0.47591702048446605 0.0 0.0 0.47591702048446605 0.87949018733195 0.0 0.0 0.0 0.0 1.0 0.0
1.307937636241851 0.33449527015293345 0.0 0.8597879973276699 -0.5106511525995754 0.0 0.0 0.5106511525995754 0.8597879973276699 0.0 0.0 0.0 0.0 1.0 0.0
1.3477503401170579 0.3416545655249967 0.0 0.8572992168989615 -0.5148184657764594 0.0 0.0 0.5148184657764594 0.8572992168989615 0.0 0.0 0.0 0.0 1.0 0.0
1.3858258577982712 0.3479461363463587 0.0 0.801116874202033 -0.5985079396873229 0.0 0.0 0.5985079396873229 0.801116874202033 0.0 0.0 0.0 0.0 1.0 0.0
1.4796274991995055 0.455809304608899 0.0 0.7420547539276183 -0.670339273930315 0.0 0.0 0.670339273930315 0.7420547539276183 0.0 0.0 0.0 0.0 1.0 0.0
1.5859011629983208 0.5516422146161578 0.0 0.5726899567168116 -0.8197720497038773 0.0 0.0 0.8197720497038773 0.5726899567168116 0.0 0.0 0.0 0.0 1.0 0.0
1.641206408897586 0.6353793622535202 0.0 0.4570204583529799 -0.8894561825333681 0.0 0.0 0.8894561825333681 0.4570204583529799 0.0 0.0 0.0 0.0 1.0 0.0
1.7043947623329008 0.7518428788375747 0.0 0.3448889528675413 -0.9386434947251968 0.0 0.0 0.9386434947251968 0.3448889528675413 0.0 0.0 0.0 0.0 1.0 0.0
1.7327257273369558 0.8082904002096682 0.0 0.31654316825457285 -0.9485781057094652 0.0 0.0 0.9485781057094652 0.31654316825457285 0.0 0.0 0.0 0.0 1.0 0.0
1.7670128639372393 0.9425046856321471 0.0 0.23846278243189334 -0.971151636663832 0.0 0.0 0.971151636663832 0.23846278243189334 0.0 0.0 0.0 0.0 1.0 0.0
1.7933937355609952 1.066704385061131 0.0 0.18944552449104357 -0.9818912329022565 0.0 0.0 0.9818912329022565 0.18944552449104357 0.0 0.0 0.0 0.0 1.0 0.0
1.8060248847086 1.1411858323510229 0.0 0.17064743219353506 -0.9853321540910723 0.0 0.0 0.9853321540910723 0.17064743219353506 0.0 0.0 0.0 0.0 1.0 0.0
1.8282498032665409 1.2712974966025579 0.0 0.17689651091222647 -0.9842294572034921 0.0 0.0 0.9842294572034921 0.17689651091222647 0.0 0.0 0.0 0.0 1.0 0.0
1.8483176200580527 1.3856141357341198 0.0 0.16681170812579071 -0.9859887697292278 0.0 0.0 0.9859887697292278 0.16681170812579071 0.0 0.0 0.0 0.0 1.0 0.0
1.8652231944757371 1.4865747775460934 0.0 0.155535182296349 -0.9878303533846494 0.0 0.0 0.9878303533846494 0.155535182296349 0.0 0.0 0.0 0.0 1.0 0.0
1.8785542469283953 1.5864627457111182 0.0 0.13718406075267686 -0.9905455736488886 0.0 0.0 0.9905455736488886 0.13718406075267686 0.0 0.0 0.0 0.0 1.0 0.0
1.8937873294490002 1.6960436890844541 0.0 0.11959126120377472 -0.9928232119786939 0.0 0.0 0.9928232119786939 0.11959126120377472 0.0 0.0 0.0 0.0 1.0 0.0
1.9044624256067169 1.7642714498550487 0.0 0.11131549555695619 -0.9937851178443505 0.0 0.0 0.9937851178443505 0.11131549555695619 0.0 0.0 0.0 0.0 1.0 0.0
1.920985636202967 1.89667029549497 0.0 0.09674336361875513 -0.995309359744863 0.0 0.0 0.995309359744863 0.09674336361875513 0.0 0.0 0.0 0.0 1.0 0.0
1.9221322878186644 1.9982734793520245 0.0 0.06329241747675374 -0.9979950249825638 0.0 0.0 0.9979950249825638 0.06329241747675374 0.0 0.0 0.0 0.0 1.0 0.0
1.9317195501688018 2.1198420290192503 0.0 0.021714325863734008 -0.9997642162291486 0.0 0.0 0.9997642162291486 0.021714325863734008 0.0 0.0 0.0 0.0 1.0 0.0
1.9327047570157334 2.258574280907982 0.0 -0.011210442450177549 -0.9999371610156668 0.0 0.0 0.9999371610156668 -0.011210442450177549 0.0 0.0 0.0 0.0 1.0 0.0
1.9343192366518025 2.330719446475911 0.0 -0.05382645991277357 -0.9985503052992666 0.0 0.0 0.9985503052992666 -0.05382645991277357 0.0 0.0 0.0 0.0 1.0 0.0
1.9248579253888212 2.45692920396776 0.0 -0.10541974780841934 -0.9944278137562372 0.0 0.0 0.9944278137562372 -0.10541974780841934 0.0 0.0 0.0 0.0 1.0 0.0
1.921065028657949 2.5364885702773474 0.0 -0.1164082125175061 -0.9932014539148035 0.0 0.0 0.9932014539148035 -0.1164082125175061 0.0 0.0 0.0 0.0 1.0 0.0
1.9039931899502696 2.6542192681930445 0.0 -0.18276949028313538 -0.9831557930570528 0.0 0.0 0.9831557930570528 -0.18276949028313538 0.0 0.0 0.0 0.0 1.0 0.0
1.8981645469487514 2.7052494418350648 0.0 -0.24767680031443007 -0.968842713027252 0.0 0.0 0.968842713027252 -0.24767680031443007 0.0 0.0 0.0 0.0 1.0 0.0
1.8787775258334092 2.788916594275314 0.0 -0.37551062249494516 -0.926818090238564 0.0 0.0 0.926818090238564 -0.37551062249494516 0.0 0.0 0.0 0.0 1.0 0.0
1.8512956914383025 2.8639423723292707 0.0 -0.4008673857770735 -0.9161360919755619 0.0 0.0 0.9161360919755619 -0.4008673857770735 0.0 0.0 0.0 0.0 1.0 0.0
1.7791676325111854 2.9963011184362434 0.0 -0.4632751271088147 -0.8862145093611993 0.0 0.0 0.8862145093611993 -0.4632751271088147 0.0 0.0 0.0 0.0 1.0 0.0
1.7515084316740537 3.062383685903674 0.0 -0.5006358345171147 -0.8656579932036397 0.0 0.0 0.8656579932036397 -0.5006358345171147 0.0 0.0 0.0 0.0 1.0 0.0
1.6870145127318221 3.167182625614001 0.0 -0.5845406562309066 -0.8113644194892585 0.0 0.0 0.8113644194892585 -0.5845406562309066 0.0 0.0 0.0 0.0 1.0 0.0
1.6427989741899875 3.2308243124013485 0.0 -0.6426493930104709 -0.7661603994355707 0.0 0.0 0.7661603994355707 -0.6426493930104709 0.0 0.0 0.0 0.0 1.0 0.0
1.565249993741126 3.327355839806826 0.0 -0.7128817391809119 -0.7012842689968161 0.0 0.0 0.7012842689968161 -0.7128817391809119 0.0 0.0 0.0 0.0 1.0 0.0
1.4844313963929447 3.401657822350971 0.0 -0.7658701730327113 -0.6429952395304687 0.0 0.0 0.6429952395304687 -0.7658701730327113 0.0 0.0 0.0 0.0 1.0 0.0
1.3950875139406318 3.4734623970556537 0.0 -0.8376770034636127 -0.5461659435265278 0.0 0.0 0.5461659435265278 -0.8376770034636127 0.0 0.0 0.0 0.0 1.0 0.0
1.3177184338015024 3.5229163143208075 0.0 -0.8818604686097125 -0.47151046001489627 0.0 0.0 0.47151046001489627 -0.8818604686097125 0.0 0.0 0.0 0.0 1.0 0.0
1.211215965004468 3.5741156937164917 0.0 -0.9315300068930523 -0.36366446933654273 0.0 0.0 0.36366446933654273 -0.9315300068930523 0.0 0.0 0.0 0.0 1.0 0.0
1.1451376348618614 3.6045670913476626 0.0 -0.9480180854311187 -0.3182164510133261 0.0 0.0 0.3182164510133261 -0.9480180854311187 0.0 0.0 0.0 0.0 1.0 0.0
1.0136453432403614 3.6410137804102236 0.0 -0.9594396772468332 -0.2819140041297924 0.0 0.0 0.2819140041297924 -0.9594396772468332 0.0 0.0 0.0 0.0 1.0 0.0
0.9084630650077634 3.6754209697774045 0.0 -0.9664700263982093 -0.2567794541505314 0.0 0.0 0.2567794541505314 -0.9664700263982093 0.0 0.0 0.0 0.0 1.0 0.0
0.7957658948345633 3.7052644608354104 0.0 -0.9646031472342858 -0.26370583676838155 0.0 0.0 0.26370583676838155 -0.9646031472342858 0.0 0.0 0.0 0.0 1.0 0.0
0.7200440143008721 3.729988933094795 0.0 -0.9613069728151833 -0.2754794076095502 0.0 0.0 0.2754794076095502 -0.9613069728151833 0.0 0.0 0.0 0.0 1.0 0.0
0.6112850830985314 3.7619487381858017 0.0 -0.9629400599836684 -0.26971548134775236 0.0 0.0 0.26971548134775236 -0.9629400599836684 0.0 0.0 0.0 0.0 1.0 0.0
0.528526002212376 3.785885552839299 0.0 -0.9555849700544818 -0.29471573593205885 0.0 0.0 0.29471573593205885 -0.9555849700544818 0.0 0.0 0.0 0.0 1.0 0.0
0.45104280503707683 3.8051964614246763 0.0 -0.9422271934732431 -0.33497450034224346 0.0 0.0 0.33497450034224346 -0.9422271934732431 0.0 0.0 0.0 0.0 1.0 0.0
0.4223026462199449 3.824645757455874 0.0 -0.9209185524847245 -0.38975507654094677 0.0 0.0 0.38975507654094677 -0.9209185524847245 0.0 0.0 0.0 0.0 1.0 0.0
0.36906790740714146 3.843430847259947 0.0 -0.8579957024386602 -0.5136568646448619 0.0 0.0 0.5136568646448619 -0.8579957024386602 0.0 0.0 0.0 0.0 1.0 0.0
0.2981762508799013 3.8924814297854162 0.0 -0.8809964559758059 -0.4731228641252396 0.0 0.0 0.4731228641252396 -0.8809964559758059 0.0 0.0 0.0 0.0 1.0 0.0
0.23781464188474116 3.9298283277040422 0.0 -0.9731026807934904 -0.23037181388469097 0.0 0.0 0.23037181388469097 -0.9731026807934904 0.0 0.0 0.0 0.0 1.0 0.0
0.10426971204852414 3.9518260454735414 0.0 -0.9977156612233873 0.06755338148146552 0.0 0.0 -0.06755338148146552 -0.9977156612233873 0.0 0.0 0.0 0.0 1.0 0.0
0.024768103021511667 3.944398436797708 0.0 -0.9837322149088359 0.1796411126400523 0.0 0.0 -0.1796411126400523 -0.9837322149088359 0.0 0.0 0.0 0.0 1.0 0.0
-0.11462671873406627 3.929273718794623 0.0 -0.9587259476421599 0.2843317733170933 0.0 0.0 -0.2843317733170933 -0.9587259476421599 0.0 0.0 0.0 0.0 1.0 0.0
-0.2187417473957789 3.8965346992564958 0.0 -0.9571953285470218 0.2894427456471486 0.0 0.0 -0.2894427456471486 -0.9571953285470218 0.0 0.0 0.0 0.0 1.0 0.0
-0.3089110404925235 3.858738396284878 0.0 -0.9625175288956294 0.27121948043724914 0.0 0.0 -0.27121948043724914 -0.9625175288956294 0.0 0.0 0.0 0.0 1.0 0.0
-0.3942767229654852 3.844086697236494 0.0 -0.9650200705803618 0.2621760160218224 0.0 0.0 -0.2621760160218224 -0.9650200705803618 0.0 0.0 0.0 0.0 1.0 0.0
-0.5041738867482415 3.8112163769045786 0.0 -0.9720660524449252 0.23470745553590527 0.0 0.0 -0.23470745553590527 -0.9720660524449252 0.0 0.0 0.0 0.0 1.0 0.0
-0.5840642045662661 3.793310190545776 0.0 -0.9706317210866622 0.24057028499036232 0.0 0.0 -0.24057028499036232 -0.9706317210866622 0.0 0.0 0.0 0.0 1.0 0.0
-0.7088946682934791 3.762293079465209 0.0 -0.94993032178606 0.31246181166893594 0.0 0.0 -0.31246181166893594 -0.94993032178606 0.0 0.0 0.0 0.0 1.0 0.0
-0.7831250538797115 3.739547911827248 0.0 -0.9426668582453415 0.3337352159509948 0.0 0.0 -0.3337352159509948 -0.9426668582453415 0.0 0.0 0.0 0.0 1.0 0.0
-0.9051444299639224 3.6874056343384076 0.0 -0.9148159878134099 0.40387090566290557 0.0 0.0 -0.40387090566290557 -0.9148159878134099 0.0 0.0 0.0 0.0 1.0 0.0
-1.0135936258407958 3.6386650277708426 0.0 -0.9016015486126163 0.4325675063378358 0.0 0.0 -0.4325675063378358 -0.9016015486126163 0.0 0.0 0.0 0.0 1.0 0.0
-1.0992918960144777 3.5981750567925395 0.0 -0.891869133781733 0.4522935420801648 0.0 0.0 -0.4522935420801648 -0.891869133781733 0.0 0.0 0.0 0.0 1.0 0.0
-1.1679945494578163 3.566719173705697 0.0 -0.881696742769241 0.4718165467531971 0.0 0.0 -0.4718165467531971 -0.881696742769241 0.0 0.0 0.0 0.0 1.0 0.0
-1.273692414539155 3.508299100700707 0.0 -0.8387247706737224 0.5445555610388273 0.0 0.0 -0.5445555610388273 -0.8387247706737224 0.0 0.0 0.0 0.0 1.0 0.0
-1.3841172637961392 3.428517677360231 0.0 -0.8146504884822128 0.5799522235630213 0.0 0.0 -0.5799522235630213 -0.8146504884822128 0.0 0.0 0.0 0.0 1.0 0.0
-1.4356691288496624 3.3951319697524096 0.0 -0.7942571700095906 0.6075817211605012 0.0 0.0 -0.6075817211605012 -0.7942571700095906 0.0 0.0 0.0 0.0 1.0 0.0
-1.5242025178815743 3.3124570270215914 0.0 -0.5729579880462399 0.8195847387146763 0.0 0.0 -0.8195847387146763 -0.5729579880462399 0.0 0.0 0.0 0.0 1.0 0.0
-1.5737515279625933 3.2410237961349075 0.0 -0.448227234322792 0.8939196532190918 0.0 0.0 -0.8939196532190918 -0.448227234322792 0.0 0.0 0.0 0.0 1.0 0.0
-1.6344980302900585 3.1118416957141375 0.0 -0.30702957171622103 0.9516999748301742 0.0 0.0 -0.9516999748301742 -0.30702957171622103 0.0 0.0 0.0 0.0 1.0 0.0
-1.6598271293863076 3.0324381790845116 0.0 -0.24770332872744172 0.968835930866184 0.0 0.0 -0.968835930866184 -0.24770332872744172 0.0 0.0 0.0 0.0 1.0 0.0
-1.6841396906072723 2.911803586029014 0.0 -0.168752015484535 0.9856585398959962 0.0 0.0 -0.9856585398959962 -0.168752015484535 -0.0 0.0 -0.0 0.0 1.0 0.0
-1.7063529163796454 2.815211942974684 0.0 -0.14138715742555363 0.989954378602934 0.0 0.0 -0.989954378602934 -0.14138715742555363 -0.0 0.0 -0.0 0.0 1.0 0.0
-1.7223648668976774 2.6892459979819896 0.0 -0.1202349003356391 0.9927454702698364 0.0 0.0 -0.9927454702698364 -0.1202349003356391 -0.0 0.0 -0.0 0.0 1.0 0.0
-1.7300726630571384 2.605030014436708 0.0 -0.10928444327777398 0.9940105182831152 0.0 0.0 -0.9940105182831152 -0.10928444327777398 -0.0 0.0 -0.0 0.0 1.0 0.0
-1.742727825701587 2.478394109212916 0.0 -0.09380439925520379 0.9955906461394513 0.0 0.0 -0.9955906461394513 -0.09380439925520379 -0.0 0.0 -0.0 0.0 1.0 0.0
-1.7502574244791194 2.39965300628634 0.0 -0.08329886982176116 0.9965246099752966 0.0 0.0 -0.9965246099752966 -0.08329886982176116 -0.0 0.0 -0.0 0.0 1.0 0.0
-1.7609195300430445 2.266476787698935 0.0 -0.07747230611554112 0.9969945043906411 0.0 0.0 -0.9969945043906411 -0.07747230611554112 -0.0 0.0 -0.0 0.0 1.0 0.0
-1.7659901200955277 2.191402714880336 0.0 -0.07427286751087414 0.9972379561326938 0.0 0.0 -0.9972379561326938 -0.07427286751087414 -0.0 0.0 -0.0 0.0 1.0 0.0
-1.7748556122568684 2.0526861009170783 0.0 -0.046364920921754704 0.998924568777803 0.0 0.0 -0.998924568777803 -0.046364920921754704 -0.0 0.0 -0.0 0.0 1.0 0.0
-1.7780343167646875 1.9711691881703817 0.0 -0.05757471582499751 0.9983412002405143 0.0 0.0 -0.9983412002405143 -0.05757471582499751 -0.0 0.0 -0.0 0.0 1.0 0.0
-1.7818938738647696 1.8416904460457535 0.0 -0.0714455707937589 0.9974444999166389 0.0 0.0 -0.9974444999166389 -0.0714455707937589 -0.0 0.0 -0.0 0.0 1.0 0.0
-1.7868634803239165 1.7562121709836223 0.0 -0.07321792063230825 0.9973159660299642 0.0 0.0 -0.9973159660299642 -0.07321792063230825 -0.0 0.0 -0.0 0.0 1.0 0.0
-1.7923310384377884 1.6929504454434818 0.0 -0.08360300980494273 0.9964991403666913 0.0 0.0 -0.9964991403666913 -0.08360300980494273 -0.0 0.0 -0.0 0.0 1.0 0.0
-1.8007005588406564 1.565994490624052 0.0 -0.10690708149421502 0.9942690158736663 0.0 0.0 -0.9942690158736663 -0.10690708149421502 -0.0 0.0 -0.0 0.0 1.0 0.0
-1.8100976797757202 1.4800581190952882 0.0 -0.10026415688568613 0.9949608529203564 0.0 0.0 -0.9949608529203564 -0.10026415688568613 -0.0 0.0 -0.0 0.0 1.0 0.0
-1.8145127782876804 1.428337433476256 0.0 -0.07008170352985976 0.9975412547009536 0.0 0.0 -0.9975412547009536 -0.07008170352985976 -0.0 0.0 -0.0 0.0 1.0 0.0
-1.817031866426213 1.3819411249888254 0.0 -0.04663548287250574 0.9989119739683013 0.0 0.0 -0.9989119739683013 -0.04663548287250574 -0.0 0.0 -0.0 0.0 1.0 0.0
-1.8172092426576216 1.3782353725020438 0.0 -0.044533824014456824 0.999007877105406 0.0 0.0 -0.999007877105406 -0.044533824014456824 -0.0 0.0 -0.0 0.0 1.0 0.0
-1.8303743781071362 1.312345716437885 0.0 -0.14103379716609088 0.9900047818353777 0.0 0.0 -0.9900047818353777 -0.14103379716609088 -0.0 0.0 -0.0 0.0 1.0 0.0
-1.83328193058721 1.2119645973018986 0.0 0.04188309645669219 0.9991225181283819 0.0 0.0 -0.9991225181283819 0.04188309645669219 -0.0 0.0 -0.0 0.0 1.0 0.0
-1.8228763610313121 1.1106264450375403 0.0 0.25934227904271956 0.9657854742648225 0.0 0.0 -0.9657854742648225 0.25934227904271956 -0.0 0.0 -0.0 0.0 1.0 0.0
-1.787756631706357 1.0245068244385827 0.0 0.3867410869822686 0.9221883384861106 0.0 0.0 -0.9221883384861106 0.3867410869822686 -0.0 0.0 -0.0 0.0 1.0 0.0
-1.7396167937713805 0.9259410034248116 0.0 0.5070460667443707 0.8619189557023694 0.0 0.0 -0.8619189557023694 0.5070460667443707 -0.0 0.0 -0.0 0.0 1.0 0.0
-1.692575122390971 0.8340381853129186 0.0 0.5780946241645366 0.8159697332083239 0.0 0.0 -0.8159697332083239 0.5780946241645366 -0.0 0.0 -0.0 0.0 1.0 0.0
-1.6250650628695684 0.7539260952958718 0.0 0.6551875859458016 0.7554662316890893 0.0 0.0 -0.7554662316890893 0.6551875859458016 -0.0 0.0 -0.0 0.0 1.0 0.0
-1.5652056706892834 0.69040088190761 0.0 0.6932627072901056 0.7206849649332178 0.0 0.0 -0.7206849649332178 0.6932627072901056 -0.0 0.0 -0.0 0.0 1.0 0.0
-1.5117232444512092 0.6381887881093702 0.0 0.7408398725079927 0.6716816830183336 0.0 0.0 -0.6716816830183336 0.7408398725079927 -0.0 0.0 -0.0 0.0 1.0 0.0
-1.4138495271871956 0.5468018130568455 0.0 0.8056928797349352 0.5923335070249085 0.0 0.0 -0.5923335070249085 0.8056928797349352 -0.0 0.0 -0.0 0.0 1.0 0.0
-1.3382315915675638 0.4779530191623924 0.0 0.8383524277149713 0.5451286150482415 0.0 0.0 -0.5451286150482415 0.8383524277149713 -0.0 0.0 -0.0 0.0 1.0 0.0
-1.2178564282863775 0.41173861088478336 0.0 0.8902688465210533 0.4554353751237086 0.0 0.0 -0.4554353751237086 0.8902688465210533 -0.0 0.0 -0.0 0.0 1.0 0.0
-1.1468287221952036 0.38073063157346626 0.0 0.9092252365919598 0.41630453894270103 0.0 0.0 -0.41630453894270103 0.9092252365919598 -0.0 0.0 -0.0 0.0 1.0 0.0
-1.0295892195998948 0.3103580597928266 0.0 0.9321131067201176 0.3621673042677524 0.0 0.0 -0.3621673042677524 0.9321131067201176 -0.0 0.0 -0.0 0.0 1.0 0.0
-0.9561503874066852 0.2966312338196596 0.0 0.9379556539336743 0.34675523248229917 0.0 0.0 -0.34675523248229917 0.9379556539336743 -0.0 0.0 -0.0 0.0 1.0 0.0
-0.8297249028894423 0.24857974533214844 0.0 0.9439605067289537 0.3300584217013967 0.0 0.0 -0.3300584217013967 0.9439605067289537 -0.0 0.0 -0.0 0.0 1.0 0.0
-0.7551063924912937 0.22617405325865977 0.0 0.9475949958192763 0.3194741365091479 0.0 0.0 -0.3194741365091479 0.9475949958192763 -0.0 0.0 -0.0 0.0 1.0 0.0
-0.6327955988307528 0.18572514233186524 0.0 0.9497693456657512 0.31295077893120943 0.0 0.0 -0.31295077893120943 0.9497693456657512 -0.0 0.0 -0.0 0.0 1.0 0.0
-0.5537542142141094 0.16078287424810833 0.0 0.9450743641191314 0.3268553904784493 0.0 0.0 -0.3268553904784493 0.9450743641191314 -0.0 0.0 -0.0 0.0 1.0 0.0
-0.4265422295820941 0.10958035719831802 0.0 0.9466372290497029 0.3223010340925085 0.0 0.0 -0.3223010340925085 0.9466372290497029 -0.0 0.0 -0.0 0.0 1.0 0.0
-0.3655741170243283 0.09664145158080625 0.0 0.94803202857189 0.31817490913311686 0.0 0.0 -0.31817490913311686 0.94803202857189 -0.0 0.0 -0.0 0.0 1.0 0.0
-0.2666837794688125 0.0633761175309252 0.0 0.9366859437945193 0.35017059085218816 0.0 0.0 -0.35017059085218816 0.9366859437945193 -0.0 0.0 -0.0 0.0 1.0 0.0
-0.21407189405487892 0.04341399167044843 0.0 0.9335271659140844 0.35850666730260067 0.0 0.0 -0.35850666730260067 0.9335271659140844 -0.0 0.0 -0.0 0.0 1.0 0.0
-0.1417843471897623 0.020820973377547125 0.0 0.9475593630172363 0.3195798078076419 0.0 0.0 -0.3195798078076419 0.9475593630172363 -0.0 0.0 -0.0 0.0 1.0 0.0
-0.1425540403660387 0.013868679272380016 0.0 0.996577842243037 0.08265956901782354 0.0 0.0 -0.08265956901782354 0.996577842243037 -0.0 0.0 -0.0 0.0 1.0 0.0
-0.14016945947328796 0.003137908984976248 0.0 0.9971843249144581 0.07498948022820567 0.0 0.0 -0.07498948022820567 0.9971843249144581 -0.0 0.0 -0.0 0.0 1.0 0.0
